ecg
22.803082322423133
12.549019607843137
3.5645075150682843
-2.9785610742351416
-8.935683222705425
-10.986495765621424
-10.79118028534371
-9.71694514381628
-9.81460288395514
-10.693522545204852
-10.10757610437171
-9.326314183260854
-6.6895551995117115
-3.8574807354848555
-2.8809033340962844
-0.7324330510414282
2.197299153124285
8.349736781872283
16.84596017395285
23.779659723811704
24.365606164644845
14.795147631036851
1.513694972152285
-9.130998702983138
-16.943617914091707
-22.705424582284277
-31.396963454642556
-41.45571068894484
-50.53788052185855
-57.178606851300835
-59.522392614633404
-59.71770809491112
-56.20202944991226
-51.709773403524835
-50.83085374227512
-52.002746623941405
-50.83085374227512
-34.32669565880827
8.642710002288853
80.32349126420996
162.06301976043335
204.83710994125278
164.40680552376594
41.16273746852827
-107.27702754253453
-202.78629739833676
-210.01297016861218
-150.63706416418708
-76.90547035934996
-26.709391927977418
-6.298924238956283
-7.763790341039139
-14.50217441062028
-16.55298695353628
-12.549019607843137
-4.150453955901427
2.9785610742351416
8.74036774242771
12.84199282825971
15.088120851453422
17.43190661478599
18.506141756313422
20.752269779507134
22.21713588158999
19.18974593728542
14.404516670481422
10.10757610437171
9.71694514381628
12.549019607843137
17.041275654230564
20.45929655909056
14.697489890897993
3.8574807354848555
-2.197299153124285
-0.43945983062485694
6.201266498817426
12.060730907148852
17.52956435492485
21.43587396047913
24.560921644922562
30.22507057297627
34.0337224383917
33.838406958113985
29.9320973525597
23.48668650339513
16.45532921339742
9.033340962844282
4.931715877012284
3.1738765545128556
0.8300907911802854
-2.392614633401999
-10.10757610437171
-19.87335011825742
-29.053177691309987
-36.475165941863125
-39.893186846723125
-39.40489814602884
-32.37354085603113
-21.24055848020142
-9.71694514381628
0.6347753109025711
4.541084916456855
2.68558785381857
-0.8300907911802854
-1.9043259327077133
2.2949568932631417
7.861448081177996
12.939650568398566
15.088120851453422
13.81857022964828
12.549019607843137
11.181811245899137
12.060730907148852
13.81857022964828
13.330281528953995
11.47478446631571
8.545052262149996
8.154421301594567
10.009918364232853
11.181811245899137
11.767757686732281
9.912260624093996
8.349736781872283
7.861448081177996
7.275501640344854
7.861448081177996
8.349736781872283
11.279468986037996
16.650644693675137
21.826504921034562
25.92813000686656
27.588311589227132
31.201647974364842
36.67048142214084
37.549401083390556
31.592278934920273
20.654612039368278
11.377126726176853
4.052796215762569
-3.076218814373999
-8.545052262149996
-14.306858930342566
-22.021820401312276
-34.81498435950255
-50.24490730144198
-58.643472953383686
-57.08094911116198
-47.11985961699855
-35.69390402075227
-28.760204470893417
-25.049210345616846
-18.994430457007706
4.931715877012284
59.03410391393912
137.64858472571908
207.57152666514077
213.2356755931945
121.24208438239108
-40.772106507972836
-185.79385061417562
-236.8688487067979
-194.4853894865339
-112.84351873044938
-45.55733577477684
-12.060730907148852
-2.68558785381857
-4.638742656595713
-6.103608758678568
-3.36919203479057
1.3183794918745708
6.39658197909514
9.033340962844282
11.08415350576028
12.353704127565424
13.525597009231708
17.627222095063708
22.119478141451133
27.002365148393988
31.68993667505913
34.32669565880827
35.303273060196844
33.15480277714199
30.420386053253985
27.100022888532845
23.291371023117417
22.705424582284277
24.365606164644845
29.150835431448844
34.32669565880827
37.64705882352941
39.69787136644541
39.40489814602884
39.69787136644541
40.08850232700084
37.35408560311284
31.68993667505913
24.17029068436713
18.89677271686885
14.599832150759136
8.44739452201114
1.3183794918745708
-7.763790341039139
-16.650644693675137
-25.439841306172273
-35.303273060196844
-43.99481193255512
-50.53788052185855
-51.51445792324712
-47.90112153810941
-43.604180971999696
-39.99084458686198
-38.33066300450141
-35.69390402075227
-32.56885633630884
-30.127412832837415
-26.709391927977418
-23.389028763256274
-17.13893339436942
-7.666132600900283
1.6113527122911422
8.74036774242771
11.572442206454566
13.427939269092851
14.306858930342566
13.427939269092851
12.84199282825971
10.205233844510566
6.591897459372854
3.7598229953459983
2.392614633401999
2.197299153124285
-0.537117570763714
-3.5645075150682843
-4.931715877012284
-4.443427176317998
-1.1230640115968566
1.1230640115968566
2.197299153124285
1.1230640115968566
-1.7090104524299992
-3.662165255207141
-4.443427176317998
-1.416037232013428
4.834058136873426
12.84199282825971
23.58434424353399
33.15480277714199
39.307240405889985
39.014267185473415
32.178225375753414
21.826504921034562
7.959105821316854
-5.71297779812314
-18.21316853589685
-29.541466392004274
-38.33066300450141
-46.33859769588769
-51.416800183108265
-53.17463950560769
-51.80743114366369
-46.33859769588769
-40.67444876783398
-35.303273060196844
-31.396963454642556
-28.760204470893417
-20.947585259784848
-0.537117570763714
44.97138933394369
120.16784924086366
202.78629739833676
238.52903028915847
170.94987411306934
11.08415350576028
-155.1293202105745
-236.57587548638134
-210.50125886930647
-128.76173037308308
-53.17463950560769
-13.13496604867628
-4.345769436179141
-8.642710002288853
-14.892805371175708
-15.674067292286564
-12.158388647287708
-7.959105821316854
-2.68558785381857
1.7090104524299992
7.959105821316854
15.576409552147707
21.14290074006256
22.998397802700847
20.068665598535134
17.920195315480278
18.017853055619135
18.40848401617456
18.994430457007706
17.52956435492485
16.943617914091707
18.89677271686885
22.314793621728846
24.853894865339132
22.412451361867703
19.58037689784085
19.58037689784085
22.119478141451133
26.025787747005417
29.9320973525597
42.43228809033341
66.65140764476998
90.77286945906768
101.71053635461966
95.46044098573282
82.0813305867094
66.16311894407569
45.947966735332265
24.65857938506142
4.345769436179141
-12.158388647287708
-24.853894865339132
-33.838406958113985
-40.67444876783398
-48.877698939497975
-54.932478828107115
-58.350499732967116
-59.32707713435569
-56.1043717097734
-52.002746623941405
-47.11985961699855
-40.186160067139696
-31.494621194781413
-22.021820401312276
-14.11154345006485
-5.322346837567712
1.0254062714579995
2.490272373540856
2.490272373540856
-1.0254062714579995
-9.326314183260854
-21.728847180895706
-33.74074921797513
-39.20958266575113
-37.84237430380713
-29.346150911726557
-19.092088197146563
-10.693522545204852
-1.3183794918745708
7.861448081177996
17.236591134508277
24.853894865339132
29.150835431448844
30.71335927367056
27.783627069504846
23.291371023117417
17.43190661478599
11.767757686732281
10.693522545204852
12.939650568398566
18.017853055619135
23.58434424353399
28.174258030060273
33.545433737697415
39.40489814602884
46.14328221560998
47.60814831769284
38.72129396505684
22.314793621728846
2.5879301136797133
-13.81857022964828
-25.24452582589456
-33.838406958113985
-42.529945830472265
-54.346532387273975
-63.42870222018769
-64.9912260624094
-57.471580071717405
-43.11589227130541
-30.71335927367056
-21.92416266117342
-15.47875181200885
-10.302891584649425
-1.3183794918745708
21.533531700617992
75.04997329671168
152.10193026626993
205.81368734264134
178.7624933241779
57.37392233157855
-95.65575646601053
-191.26268406195163
-188.72358281834136
-125.5390249485008
-71.33897917143511
-53.95590142671855
-57.95986877241169
-60.108339055466544
-50.83085374227512
-33.64309147783627
-8.44739452201114
20.16632333867399
45.55733577477684
68.31158922713054
89.01503013656824
107.47234302281224
116.06622415503166
109.23018234531166
90.67521171892882
64.60059510185397
35.98687724116884
5.810635538261997
-21.92416266117342
-41.84634164950027
-54.7371633478294
-60.2059967956054
-60.108339055466544
-56.49500267032883
-48.78004119935912
-38.42832074464027
-22.705424582284277
-3.5645075150682843
14.209201190203707
32.95948729686427
53.467612726024264
73.19447623407339
83.54619668879225
83.93682764934768
81.10475318532082
73.97573815518425
61.96383611810483
45.26436255436027
25.830472266727703
6.494239719233997
-11.47478446631571
-24.17029068436713
-34.81498435950255
-46.33859769588769
-54.54184786755169
-59.71770809491112
-60.694285496299685
-57.27626459143969
-51.709773403524835
-46.826886396581976
-45.16670481422141
-42.04165712977798
-38.33066300450141
-35.20561532005799
-30.322728313115128
-26.22110322728313
-21.045242999923705
-13.720912489509422
-7.177843900205997
-4.150453955901427
-5.517662317845426
-4.834058136873426
-2.0019836728465705
0.14648661020828566
2.197299153124285
1.6113527122911422
0.7324330510414282
1.2207217517357138
2.2949568932631417
2.490272373540856
-1.1230640115968566
-5.224689097428855
-10.009918364232853
-15.47875181200885
-17.627222095063708
-16.650644693675137
-11.767757686732281
-5.0293736171511405
1.416037232013428
7.861448081177996
13.623254749370565
23.19371328297856
30.908674753948272
23.87731746395056
2.68558785381857
-20.068665598535134
-31.885252155336843
-35.98687724116884
-38.72129396505684
-39.79552910658427
-42.529945830472265
-47.21751735713741
-51.416800183108265
-52.78400854505226
-52.39337758449683
-52.39337758449683
-47.0222018768597
-36.57282368200198
-25.24452582589456
-13.916227969787137
-7.959105821316854
-6.787212939650568
-6.494239719233997
0.7324330510414282
27.392996108949415
81.78835736629281
160.40283817807278
225.34523537041275
221.04829480430305
122.12100404364081
-34.81498435950255
-162.94193942168306
-200.4425116350042
-156.88715953307394
-86.28061341268025
-34.91264209964141
-9.81460288395514
-0.14648661020828566
3.5645075150682843
6.787212939650568
8.349736781872283
10.205233844510566
12.256046387426567
14.892805371175708
20.263981078812847
25.439841306172273
31.201647974364842
36.67048142214084
39.893186846723125
41.26039520866713
39.600213626306555
37.64705882352941
38.818951705195694
50.04959182116426
71.1436636911574
86.67124437323568
89.1126878767071
83.54619668879225
76.51483939879454
68.99519340810254
58.8387884336614
51.123826962691695
45.947966735332265
39.69787136644541
34.131380178530556
29.541466392004274
26.416418707560844
22.412451361867703
16.84596017395285
11.670099946593423
5.224689097428855
0.04882887006942855
-6.298924238956283
-15.869382772564279
-25.63515678644999
-35.4009308003357
-43.79949645227741
-51.709773403524835
-58.350499732967116
-61.28023193713283
-61.08491645685512
-56.49500267032883
-50.635538261997404
-45.069047074082555
-37.4517433432517
-31.201647974364842
-25.537499046311133
-19.092088197146563
-12.256046387426567
-6.6895551995117115
-4.931715877012284
-3.662165255207141
-3.9551384756237127
-6.591897459372854
-8.05676356145571
-9.033340962844282
-8.252079041733426
-6.39658197909514
-5.127031357289998
-4.443427176317998
-5.615320057984283
-4.345769436179141
-2.68558785381857
-3.36919203479057
-4.736400396734569
-6.201266498817426
-4.834058136873426
-1.416037232013428
0.9277485313191425
1.8066681925688564
-0.7324330510414282
-2.783245593957427
-4.248111696040284
-5.0293736171511405
-1.8066681925688564
4.443427176317998
13.81857022964828
23.87731746395056
32.86182955672541
39.893186846723125
40.186160067139696
35.596246280613414
27.1976806286717
15.576409552147707
2.9785610742351416
-9.71694514381628
-18.11551079575799
-23.682001983672848
-30.22507057297627
-37.35408560311284
-43.89715419241627
-44.28778515297169
-39.79552910658427
-33.74074921797513
-27.100022888532845
-23.682001983672848
-20.752269779507134
-13.81857022964828
4.931715877012284
45.45967803463798
109.1325246051728
180.32501716639965
211.0872053101396
152.3949034866865
12.646677347981994
-133.5469596398871
-203.76287479972532
-181.69222552834364
-113.72243839169909
-54.053559166857404
-27.783627069504846
-23.974975204089418
-26.22110322728313
-25.439841306172273
-18.799114976729992
-11.963073167009995
-6.787212939650568
-3.36919203479057
-0.24414435034714274
4.150453955901427
8.05676356145571
13.427939269092851
18.11551079575799
19.87335011825742
21.63118944075685
22.90074006256199
25.342183566033416
28.369573510337986
31.68993667505913
34.61966887922484
33.252460517280845
30.22507057297627
27.392996108949415
26.123445487144274
28.564888990615703
31.885252155336843
35.596246280613414
38.23300526436255
40.479133287556266
43.018234531166556
41.45571068894484
37.06111238269627
30.22507057297627
20.752269779507134
10.498207064927138
0.43945983062485694
-5.615320057984283
-9.521629663538567
-13.623254749370565
-19.58037689784085
-30.127412832837415
-40.38147554741741
-47.31517509727627
-49.75661860074769
-47.412832837415124
-43.311207751583126
-36.67048142214084
-29.2484931715877
-22.803082322423133
-16.748302433813993
-12.158388647287708
-6.103608758678568
-1.0254062714579995
0.537117570763714
1.0254062714579995
0.34180209048599985
1.3183794918745708
2.8809033340962844
3.2715342946517127
2.197299153124285
-1.416037232013428
-3.8574807354848555
-4.931715877012284
-4.443427176317998
0.04882887006942855
5.420004577706569
10.79118028534371
13.525597009231708
13.037308308537423
10.693522545204852
6.591897459372854
4.638742656595713
4.345769436179141
4.638742656595713
6.494239719233997
7.470817120622568
9.619287403677424
14.404516670481422
21.826504921034562
29.736781872281988
33.44777599755856
36.37750820172427
39.99084458686198
43.50652323186084
45.26436255436027
39.79552910658427
26.807049668116274
7.177843900205997
-14.11154345006485
-30.420386053253985
-41.358052948805984
-46.14328221560998
-49.17067215991455
-53.56527046616312
-56.88563363088426
-58.936446173800256
-57.178606851300835
-52.10040436408026
-44.97138933394369
-37.64705882352941
-34.424353398947126
-30.518043793392845
-18.310826276035705
14.209201190203707
78.85862516212711
160.7934691386282
210.8918898298619
171.82879377431905
41.943999389639124
-107.96063172350652
-196.43854428931107
-192.33691920347906
-132.08209353780424
-69.58113984893568
-31.396963454642556
-17.724879835202564
-14.599832150759136
-13.037308308537423
-9.71694514381628
-3.5645075150682843
2.2949568932631417
9.130998702983138
13.525597009231708
13.037308308537423
10.986495765621424
7.666132600900283
5.810635538261997
6.39658197909514
10.498207064927138
17.627222095063708
22.998397802700847
27.49065384908827
28.95551995117113
26.22110322728313
24.65857938506142
25.342183566033416
23.58434424353399
12.549019607843137
-0.9277485313191425
-4.834058136873426
-0.6347753109025711
7.177843900205997
14.50217441062028
20.263981078812847
24.4632639047837
26.025787747005417
28.27191577019913
29.736781872281988
29.150835431448844
27.100022888532845
19.775692378118563
9.228656443121995
-2.392614633401999
-13.525597009231708
-23.779659723811704
-34.424353398947126
-41.065079728389414
-42.92057679102769
-40.08850232700084
-32.37354085603113
-25.049210345616846
-19.48271915770199
-17.236591134508277
-17.13893339436942
-15.674067292286564
-12.646677347981994
-5.71297779812314
2.68558785381857
9.326314183260854
12.646677347981994
10.302891584649425
6.494239719233997
2.392614633401999
-1.3183794918745708
-2.0019836728465705
-0.537117570763714
3.36919203479057
7.275501640344854
9.619287403677424
9.326314183260854
3.2715342946517127
-4.248111696040284
-9.81460288395514
-11.279468986037996
-8.154421301594567
-4.736400396734569
-1.1230640115968566
1.0254062714579995
2.5879301136797133
8.545052262149996
21.43587396047913
39.5025558861677
52.10040436408026
55.81139848935683
57.66689555199512
60.2059967956054
62.84275577935454
62.54978255893797
58.1551842526894
48.584725719081405
31.592278934920273
13.720912489509422
-2.490272373540856
-17.236591134508277
-28.076600289921416
-36.96345464255741
-45.947966735332265
-56.983291371023114
-65.57717250324254
-70.16708628976883
-77.4914168001831
-85.40169375143053
-89.01503013656824
-86.47592889295797
-79.63988708323797
-70.4600595101854
-51.416800183108265
-13.623254749370565
50.73319600213626
132.08209353780424
185.50087739375905
163.62554360265506
59.91302357518883
-72.99916075379568
-162.06301976043335
-173.97726405737393
-127.5898374914168
-70.06942854962998
-31.9829098954757
-16.84596017395285
-17.920195315480278
-21.826504921034562
-20.84992751964599
-12.74433508812085
0.6347753109025711
12.939650568398566
22.60776684214542
28.174258030060273
30.908674753948272
32.37354085603113
30.71335927367056
29.346150911726557
28.27191577019913
27.295338368810558
27.783627069504846
28.27191577019913
30.518043793392845
33.545433737697415
36.67048142214084
38.525978484779124
37.15877012283513
36.57282368200198
36.37750820172427
35.79156176089113
37.549401083390556
40.86976424811169
44.873731593804834
45.45967803463798
43.018234531166556
39.99084458686198
34.52201113908598
28.564888990615703
22.021820401312276
15.771725032425422
10.888838025482567
5.0293736171511405
-1.416037232013428
-10.009918364232853
-19.48271915770199
-28.564888990615703
-38.818951705195694
-46.92454413672083
-52.6863508049134
-54.639505607690545
-50.53788052185855
-43.018234531166556
-32.471198596169984
-21.63118944075685
-12.939650568398566
-8.935683222705425
-11.865415426871138
-15.771725032425422
-18.017853055619135
-16.943617914091707
-10.888838025482567
-3.7598229953459983
2.783245593957427
6.884870679789426
8.838025482566568
8.935683222705425
4.541084916456855
-0.24414435034714274
-5.0293736171511405
-8.642710002288853
-8.545052262149996
-6.6895551995117115
-3.5645075150682843
-2.392614633401999
-2.9785610742351416
-3.8574807354848555
-5.810635538261997
-5.322346837567712
-3.466849774929427
-1.8066681925688564
0.8300907911802854
4.248111696040284
10.10757610437171
16.45532921339742
22.21713588158999
26.416418707560844
27.002365148393988
28.076600289921416
28.760204470893417
26.318760967421987
21.43587396047913
14.306858930342566
7.275501640344854
-1.1230640115968566
-9.521629663538567
-16.260013733119706
-25.342183566033416
-36.475165941863125
-47.80346379797055
-54.053559166857404
-50.44022278171969
-40.86976424811169
-30.811017013809415
-26.709391927977418
-27.97894254978256
-28.369573510337986
-21.728847180895706
6.005951018539712
63.526359960326545
139.11345082780193
192.33691920347906
174.2702372777905
76.71015487907225
-53.760585946440834
-145.07057297627222
-160.30518043793393
-122.41397726405738
-73.48744945448996
-42.13931486991684
-30.127412832837415
-25.24452582589456
-20.263981078812847
-11.08415350576028
-0.537117570763714
8.642710002288853
14.404516670481422
14.306858930342566
13.623254749370565
13.720912489509422
15.381094071869994
19.58037689784085
23.779659723811704
28.95551995117113
33.44777599755856
36.96345464255741
38.91660944533455
37.06111238269627
34.22903791866941
30.127412832837415
26.514076447699704
26.90470740825513
29.834439612420844
33.74074921797513
35.98687724116884
37.549401083390556
39.69787136644541
40.28381780727855
41.74868390936141
42.62760357061112
40.38147554741741
34.81498435950255
26.61173418783856
20.068665598535134
14.599832150759136
9.619287403677424
2.8809033340962844
-9.912260624093996
-25.146868085755703
-38.91660944533455
-48.19409475852598
-51.61211566338598
-52.295719844357976
-49.46364538033112
-44.19012741283284
-38.03768978408484
-33.545433737697415
-32.6665140764477
-30.22507057297627
-26.22110322728313
-21.045242999923705
-14.50217441062028
-10.498207064927138
-9.130998702983138
-10.10757610437171
-10.595864805065995
-10.693522545204852
-13.720912489509422
-15.869382772564279
-16.260013733119706
-14.795147631036851
-11.08415350576028
-7.568474860761425
-3.662165255207141
-0.6347753109025711
2.392614633401999
6.103608758678568
7.275501640344854
7.275501640344854
4.736400396734569
1.9043259327077133
3.076218814373999
6.201266498817426
9.71694514381628
10.595864805065995
10.302891584649425
10.498207064927138
11.08415350576028
15.674067292286564
22.021820401312276
27.588311589227132
32.27588311589227
34.61966887922484
35.69390402075227
32.95948729686427
26.709391927977418
17.041275654230564
3.1738765545128556
-9.228656443121995
-19.092088197146563
-26.709391927977418
-32.95948729686427
-39.99084458686198
-45.45967803463798
-48.877698939497975
-47.51049057755398
-40.57679102769512
-31.885252155336843
-22.412451361867703
-15.283436331731137
-7.861448081177996
9.81460288395514
47.80346379797055
109.1325246051728
171.43816281376363
193.8017853055619
144.8752574959945
34.81498435950255
-76.61249713893339
-134.32822156099795
-128.9570458533608
-92.04242008087282
-60.79194323643854
-46.533913176165406
-42.822919050888835
-39.307240405889985
-32.6665140764477
-26.025787747005417
-17.82253757534142
-10.498207064927138
-4.736400396734569
1.513694972152285
7.275501640344854
14.11154345006485
20.654612039368278
25.24452582589456
25.830472266727703
22.412451361867703
22.119478141451133
25.24452582589456
29.541466392004274
34.32669565880827
36.96345464255741
38.03768978408484
37.06111238269627
35.4009308003357
32.764171816586554
26.90470740825513
23.682001983672848
25.342183566033416
31.00633249408713
37.64705882352941
40.479133287556266
39.014267185473415
32.178225375753414
23.58434424353399
14.990463111314565
3.1738765545128556
-8.838025482566568
-19.092088197146563
-26.025787747005417
-29.834439612420844
-33.64309147783627
-37.84237430380713
-45.069047074082555
-53.17463950560769
-58.8387884336614
-61.5732051575494
-58.44815747310597
-52.295719844357976
-44.580758373388264
-34.52201113908598
-24.853894865339132
-17.236591134508277
-14.11154345006485
-13.13496604867628
-12.646677347981994
-14.697489890897993
-16.45532921339742
-17.52956435492485
-16.45532921339742
-12.256046387426567
-7.666132600900283
-2.68558785381857
0.6347753109025711
3.466849774929427
5.71297779812314
4.345769436179141
1.8066681925688564
-1.8066681925688564
-5.908293278400855
-8.252079041733426
-8.642710002288853
-6.6895551995117115
-5.810635538261997
-5.127031357289998
-3.466849774929427
-3.2715342946517127
-2.0996414129854277
0.04882887006942855
3.8574807354848555
9.228656443121995
14.306858930342566
20.84992751964599
26.90470740825513
32.95948729686427
37.15877012283513
34.717326619363696
28.467231250476843
20.55695429922942
13.232623788815136
6.591897459372854
-1.8066681925688564
-10.986495765621424
-21.728847180895706
-30.908674753948272
-36.96345464255741
-42.72526131074998
-45.45967803463798
-44.09246967269398
-37.64705882352941
-28.857862211032273
-21.826504921034562
-13.330281528953995
1.416037232013428
33.64309147783627
89.1126878767071
149.6604867627985
179.05546654459448
142.04318303196766
44.28778515297169
-63.233386739909974
-126.51560234988938
-128.07812619211109
-94.87449454489968
-59.13176165407798
-36.27985046158541
-27.49065384908827
-22.21713588158999
-16.260013733119706
-9.81460288395514
-3.8574807354848555
-0.14648661020828566
3.8574807354848555
7.470817120622568
11.181811245899137
13.81857022964828
13.330281528953995
14.306858930342566
17.82253757534142
24.072632944228275
31.885252155336843
36.96345464255741
38.525978484779124
35.49858854047456
31.885252155336843
29.443808651865414
25.342183566033416
21.826504921034562
19.48271915770199
19.287403677424276
21.826504921034562
25.732814526588847
31.201647974364842
34.131380178530556
34.52201113908598
33.74074921797513
30.420386053253985
27.295338368810558
23.682001983672848
18.21316853589685
10.595864805065995
0.7324330510414282
-8.05676356145571
-17.236591134508277
-25.732814526588847
-33.15480277714199
-42.62760357061112
-51.22148470283055
-57.27626459143969
-57.37392233157855
-50.83085374227512
-41.45571068894484
-30.518043793392845
-21.728847180895706
-14.50217441062028
-8.74036774242771
-6.39658197909514
-3.9551384756237127
-1.7090104524299992
0.8300907911802854
4.052796215762569
5.71297779812314
7.470817120622568
8.642710002288853
10.79118028534371
12.74433508812085
10.986495765621424
8.44739452201114
5.420004577706569
2.197299153124285
-0.43945983062485694
-2.490272373540856
-1.0254062714579995
1.3183794918745708
3.466849774929427
3.8574807354848555
1.513694972152285
1.416037232013428
3.076218814373999
4.638742656595713
5.517662317845426
5.517662317845426
7.177843900205997
9.130998702983138
12.353704127565424
16.748302433813993
19.48271915770199
22.510109102006563
24.17029068436713
22.803082322423133
17.334248874647134
7.275501640344854
-2.8809033340962844
-12.353704127565424
-18.799114976729992
-22.90074006256199
-28.174258030060273
-31.494621194781413
-32.86182955672541
-31.787594415197987
-27.97894254978256
-23.291371023117417
-17.627222095063708
-14.404516670481422
-12.060730907148852
-6.787212939650568
5.322346837567712
37.256427862973986
92.23773556115053
149.4651712825208
166.65293354695964
114.79667353322652
14.50217441062028
-81.39772640573739
-126.12497138933395
-114.30838483253224
-75.9288929579614
-37.84237430380713
-14.892805371175708
-6.591897459372854
-5.908293278400855
-7.861448081177996
-8.154421301594567
-8.74036774242771
-10.79118028534371
-14.404516670481422
-18.506141756313422
-17.13893339436942
-12.45136186770428
-7.861448081177996
-4.443427176317998
-3.9551384756237127
-4.736400396734569
-5.71297779812314
-0.7324330510414282
10.693522545204852
22.119478141451133
32.764171816586554
42.822919050888835
50.635538261997404
51.22148470283055
43.018234531166556
35.20561532005799
34.717326619363696
43.89715419241627
59.22941939421683
75.04997329671168
87.7454795147631
88.81971465629053
77.10078583962768
61.08491645685512
50.04959182116426
46.63157091630426
41.74868390936141
30.22507057297627
10.009918364232853
-16.650644693675137
-38.91660944533455
-52.588693064774546
-59.42473487449455
-62.15915159838254
-64.01464866102083
-65.77248798352025
-67.7256427862974
-64.20996414129854
-55.90905622949569
-50.83085374227512
-51.416800183108265
-57.95986877241169
-62.15915159838254
-55.713740749217976
-42.33463035019455
-30.615701533531702
-25.63515678644999
-21.92416266117342
-17.52956435492485
-16.357671473258563
-15.47875181200885
-14.209201190203707
-12.256046387426567
-9.033340962844282
-6.201266498817426
-10.10757610437171
-29.053177691309987
-52.6863508049134
-64.01464866102083
-61.96383611810483
-53.760585946440834
-45.362020294499125
-37.06111238269627
-30.322728313115128
-22.803082322423133
-4.541084916456855
23.19371328297856
51.61211566338598
71.43663691157397
79.15159838254368
81.5930418860151
80.32349126420996
75.04997329671168
66.06546120393683
55.90905622949569
47.60814831769284
37.35408560311284
25.342183566033416
12.256046387426567
-3.466849774929427
-19.678034637979707
-35.10795757991913
-46.14328221560998
-49.85427634088655
-47.11985961699855
-39.69787136644541
-34.61966887922484
-34.0337224383917
-35.69390402075227
-34.0337224383917
-14.990463111314565
30.420386053253985
100.34332799267567
169.87563897154192
193.70412756542305
130.91020065613793
-15.47875181200885
-170.94987411306934
-250.2479591058213
-236.28290226596476
-171.82879377431905
-106.78873884184024
-62.2568093385214
-38.525978484779124
-25.732814526588847
-12.939650568398566
-2.490272373540856
4.052796215762569
8.44739452201114
10.498207064927138
13.037308308537423
17.52956435492485
25.92813000686656
35.303273060196844
41.45571068894484
45.947966735332265
48.38941023880369
51.31914244296941
53.760585946440834
51.02616922255284
44.77607385366598
38.42832074464027
37.35408560311284
41.358052948805984
45.069047074082555
46.33859769588769
44.580758373388264
44.48310063324941
47.60814831769284
49.56130312046998
49.073014419775696
45.362020294499125
41.358052948805984
38.23300526436255
34.717326619363696
32.08056763561456
28.467231250476843
25.049210345616846
20.654612039368278
12.158388647287708
1.416037232013428
-9.81460288395514
-17.724879835202564
-21.826504921034562
-25.92813000686656
-31.787594415197987
-40.96742198825055
-47.90112153810941
-48.68238345922026
-43.89715419241627
-33.15480277714199
-22.412451361867703
-14.306858930342566
-9.130998702983138
-7.275501640344854
-5.810635538261997
-4.248111696040284
-0.24414435034714274
5.0293736171511405
10.400549324788281
17.920195315480278
23.291371023117417
25.049210345616846
25.24452582589456
24.853894865339132
24.4632639047837
22.119478141451133
19.385061417563133
14.990463111314565
7.666132600900283
2.0019836728465705
-1.9043259327077133
-3.36919203479057
-1.6113527122911422
1.2207217517357138
4.052796215762569
4.150453955901427
3.9551384756237127
4.638742656595713
6.103608758678568
11.47478446631571
18.017853055619135
25.732814526588847
34.0337224383917
39.11192492561227
38.72129396505684
31.00633249408713
20.55695429922942
7.959105821316854
-7.470817120622568
-20.947585259784848
-31.592278934920273
-40.28381780727855
-47.80346379797055
-54.15121690699626
-56.39734493018997
-54.54184786755169
-47.21751735713741
-38.1353475242237
-32.27588311589227
-27.881284809643702
-21.92416266117342
-2.0996414129854277
47.60814831769284
127.39452201113909
204.25116350041964
217.9232471198596
137.55092698558022
-4.541084916456855
-133.15632867933166
-186.37979705500877
-165.1880674448768
-111.6716258487831
-66.74906538490883
-46.04562447547112
-41.651026169222554
-41.16273746852827
-35.49858854047456
-27.49065384908827
-22.412451361867703
-16.943617914091707
-10.888838025482567
-4.736400396734569
0.537117570763714
2.9785610742351416
2.5879301136797133
-0.14648661020828566
0.04882887006942855
4.931715877012284
10.986495765621424
18.21316853589685
22.412451361867703
23.48668650339513
24.17029068436713
25.830472266727703
29.053177691309987
30.908674753948272
32.56885633630884
33.05714503700313
31.103990234225986
31.201647974364842
34.22903791866941
39.99084458686198
45.55733577477684
47.51049057755398
44.38544289311055
33.3501182574197
19.18974593728542
6.494239719233997
-3.2715342946517127
-8.44739452201114
-12.060730907148852
-16.650644693675137
-24.365606164644845
-34.424353398947126
-42.822919050888835
-49.46364538033112
-52.39337758449683
-52.19806210421912
-50.928511482413974
-46.43625543602655
-40.772106507972836
-33.44777599755856
-24.560921644922562
-16.55298695353628
-10.888838025482567
-9.228656443121995
-7.763790341039139
-5.908293278400855
-5.908293278400855
-5.322346837567712
-4.052796215762569
-0.43945983062485694
5.0293736171511405
8.838025482566568
9.326314183260854
5.322346837567712
1.6113527122911422
0.7324330510414282
2.0019836728465705
6.494239719233997
10.986495765621424
15.381094071869994
18.89677271686885
18.11551079575799
13.427939269092851
6.298924238956283
3.662165255207141
6.103608758678568
9.71694514381628
14.990463111314565
19.971007858396277
25.830472266727703
32.95948729686427
38.818951705195694
39.014267185473415
28.564888990615703
13.037308308537423
-1.7090104524299992
-14.013885709925994
-22.119478141451133
-28.564888990615703
-33.838406958113985
-39.11192492561227
-44.67841611352712
-47.90112153810941
-48.584725719081405
-44.19012741283284
-36.96345464255741
-31.494621194781413
-27.295338368810558
-24.4632639047837
-16.650644693675137
7.080186160067139
57.27626459143969
130.3242542153048
189.11421377889678
186.7704280155642
103.07774471656367
-28.076600289921416
-136.18371862363622
-174.85618371862364
-149.6604867627985
-100.24567025253681
-60.30365453574426
-39.11192492561227
-33.44777599755856
-32.08056763561456
-28.66254673075456
-21.92416266117342
-10.205233844510566
1.7090104524299992
11.377126726176853
17.724879835202564
20.45929655909056
20.752269779507134
18.21316853589685
17.041275654230564
17.724879835202564
17.627222095063708
18.017853055619135
17.334248874647134
17.334248874647134
18.994430457007706
20.947585259784848
23.291371023117417
24.4632639047837
27.783627069504846
32.178225375753414
34.0337224383917
35.010299839780274
34.717326619363696
35.10795757991913
36.475165941863125
38.42832074464027
40.67444876783398
39.014267185473415
34.91264209964141
29.053177691309987
19.87335011825742
8.74036774242771
-3.5645075150682843
-14.11154345006485
-22.60776684214542
-30.420386053253985
-37.06111238269627
-43.604180971999696
-47.51049057755398
-49.26832990005341
-50.73319600213626
-49.658960860608836
-47.11985961699855
-41.651026169222554
-33.838406958113985
-26.318760967421987
-20.55695429922942
-19.287403677424276
-18.701457236591136
-17.041275654230564
-15.576409552147707
-12.353704127565424
-9.130998702983138
-5.517662317845426
-2.0019836728465705
1.1230640115968566
5.127031357289998
6.884870679789426
7.568474860761425
7.275501640344854
6.103608758678568
6.982528419928283
8.44739452201114
11.279468986037996
15.185778591592278
17.920195315480278
18.310826276035705
13.623254749370565
8.154421301594567
4.150453955901427
2.0019836728465705
4.834058136873426
10.10757610437171
16.650644693675137
23.682001983672848
30.71335927367056
35.889219501029984
32.178225375753414
21.63118944075685
9.619287403677424
0.537117570763714
-3.1738765545128556
-6.005951018539712
-10.498207064927138
-18.701457236591136
-29.736781872281988
-38.91660944533455
-43.99481193255512
-41.45571068894484
-33.3501182574197
-24.65857938506142
-16.84596017395285
-13.13496604867628
-9.912260624093996
-0.14648661020828566
25.049210345616846
74.85465781643397
140.5783169298848
192.14160372320134
183.74303807125963
94.77683680476082
-35.20561532005799
-136.37903410391394
-164.40680552376594
-132.8633554589151
-84.71808957045853
-51.02616922255284
-39.307240405889985
-37.15877012283513
-35.4009308003357
-31.787594415197987
-24.365606164644845
-16.260013733119706
-6.884870679789426
2.9785610742351416
11.279468986037996
16.748302433813993
17.43190661478599
17.82253757534142
18.21316853589685
17.13893339436942
17.82253757534142
19.58037689784085
22.119478141451133
24.4632639047837
26.123445487144274
27.295338368810558
24.853894865339132
21.63118944075685
19.287403677424276
18.89677271686885
23.389028763256274
30.029755092698558
36.768139162279695
41.26039520866713
43.89715419241627
45.75265125505455
42.62760357061112
36.27985046158541
28.95551995117113
22.021820401312276
17.041275654230564
10.595864805065995
2.490272373540856
-7.080186160067139
-16.943617914091707
-25.732814526588847
-35.79156176089113
-43.40886549172198
-47.31517509727627
-48.19409475852598
-45.362020294499125
-42.236972610055695
-38.33066300450141
-33.15480277714199
-27.002365148393988
-18.994430457007706
-11.572442206454566
-3.5645075150682843
1.6113527122911422
2.0019836728465705
1.8066681925688564
1.6113527122911422
2.8809033340962844
5.0293736171511405
6.39658197909514
6.298924238956283
3.1738765545128556
1.416037232013428
1.3183794918745708
0.24414435034714274
-0.04882887006942855
-0.24414435034714274
1.9043259327077133
5.908293278400855
8.349736781872283
7.177843900205997
0.7324330510414282
-4.638742656595713
-7.373159380483711
-7.861448081177996
-3.076218814373999
5.322346837567712
15.185778591592278
22.90074006256199
28.174258030060273
31.68993667505913
29.63912413214313
23.87731746395056
16.16235599298085
6.884870679789426
-2.0019836728465705
-11.279468986037996
-18.40848401617456
-23.389028763256274
-27.881284809643702
-33.44777599755856
-41.651026169222554
-46.43625543602655
-45.947966735332265
-41.74868390936141
-34.0337224383917
-26.514076447699704
-19.678034637979707
-13.037308308537423
-0.43945983062485694
29.9320973525597
83.4485389486534
149.36751354238194
185.4032196536202
145.75417715724421
34.424353398947126
-88.4290836957351
-155.3246356908522
-151.32066834515908
-108.83955138475623
-65.47951476310368
-40.38147554741741
-28.27191577019913
-20.84992751964599
-14.404516670481422
-7.470817120622568
-4.345769436179141
-3.2715342946517127
-0.8300907911802854
4.736400396734569
12.060730907148852
15.771725032425422
17.920195315480278
18.89677271686885
19.18974593728542
22.803082322423133
27.588311589227132
32.27588311589227
35.20561532005799
36.0845349813077
35.596246280613414
31.9829098954757
28.66254673075456
26.416418707560844
25.439841306172273
28.369573510337986
33.252460517280845
38.818951705195694
42.529945830472265
43.99481193255512
44.77607385366598
42.92057679102769
40.28381780727855
36.27985046158541
30.322728313115128
24.65857938506142
18.994430457007706
13.81857022964828
6.884870679789426
-2.197299153124285
-12.646677347981994
-25.830472266727703
-38.33066300450141
-49.56130312046998
-58.25284199282826
-60.30365453574426
-57.56923781185626
-51.22148470283055
-43.21355001144427
-35.303273060196844
-27.783627069504846
-22.119478141451133
-15.381094071869994
-10.205233844510566
-8.935683222705425
-8.154421301594567
-8.05676356145571
-6.6895551995117115
-3.2715342946517127
1.2207217517357138
3.9551384756237127
1.3183794918745708
-2.0996414129854277
-4.834058136873426
-6.494239719233997
-4.248111696040284
-0.24414435034714274
5.224689097428855
10.302891584649425
12.74433508812085
11.572442206454566
5.420004577706569
0.34180209048599985
-2.5879301136797133
-4.834058136873426
-3.9551384756237127
-1.0254062714579995
4.834058136873426
12.060730907148852
19.678034637979707
26.514076447699704
27.68596932936599
25.63515678644999
21.728847180895706
16.260013733119706
10.498207064927138
2.0996414129854277
-7.959105821316854
-19.48271915770199
-31.103990234225986
-42.236972610055695
-55.03013656824598
-63.91699092088197
-65.57717250324254
-60.30365453574426
-49.365987640192266
-38.525978484779124
-30.029755092698558
-25.732814526588847
-22.119478141451133
-10.595864805065995
16.84596017395285
72.21789883268482
144.97291523613336
190.6767376211185
161.9653620202945
56.983291371023114
-65.47951476310368
-140.28534370946824
-145.07057297627222
-106.10513466086825
-65.57717250324254
-41.84634164950027
-33.93606469825284
-32.95948729686427
-30.029755092698558
-24.65857938506142
-16.748302433813993
-8.252079041733426
0.34180209048599985
8.44739452201114
12.45136186770428
15.869382772564279
18.701457236591136
19.678034637979707
19.971007858396277
20.16632333867399
23.19371328297856
28.076600289921416
32.08056763561456
33.252460517280845
30.615701533531702
29.736781872281988
31.201647974364842
33.44777599755856
36.96345464255741
39.014267185473415
38.818951705195694
36.475165941863125
34.81498435950255
35.10795757991913
33.252460517280845
31.68993667505913
30.908674753948272
30.322728313115128
29.736781872281988
26.514076447699704
21.63118944075685
14.306858930342566
5.517662317845426
-4.345769436179141
-17.724879835202564
-30.22507057297627
-39.99084458686198
-46.533913176165406
-48.78004119935912
-48.877698939497975
-45.45967803463798
-39.307240405889985
-32.6665140764477
-28.760204470893417
-31.592278934920273
-35.10795757991913
-35.889219501029984
-32.95948729686427
-25.049210345616846
-16.16235599298085
-8.838025482566568
-5.71297779812314
-5.71297779812314
-5.517662317845426
-5.322346837567712
-1.7090104524299992
2.2949568932631417
3.1738765545128556
2.0019836728465705
-0.04882887006942855
-0.34180209048599985
0.24414435034714274
0.6347753109025711
-1.1230640115968566
-8.349736781872283
-14.795147631036851
-16.748302433813993
-14.599832150759136
-8.838025482566568
-1.6113527122911422
7.080186160067139
14.404516670481422
19.87335011825742
24.853894865339132
27.588311589227132
31.2993057145037
33.74074921797513
29.63912413214313
19.678034637979707
9.130998702983138
4.248111696040284
2.490272373540856
0.9277485313191425
-2.0019836728465705
-12.060730907148852
-27.783627069504846
-43.604180971999696
-51.80743114366369
-49.17067215991455
-41.5533684290837
-31.885252155336843
-22.803082322423133
-14.11154345006485
-4.834058136873426
5.420004577706569
25.63515678644999
62.745098039215684
117.14045929655909
173.00068665598536
192.53223468375677
144.28931105516136
35.889219501029984
-75.83123521782254
-132.3750667582208
-123.87884336614023
-81.20241092545967
-44.77607385366598
-30.518043793392845
-27.49065384908827
-23.682001983672848
-13.427939269092851
-1.2207217517357138
7.470817120622568
9.912260624093996
5.810635538261997
3.076218814373999
4.443427176317998
7.666132600900283
9.521629663538567
6.982528419928283
5.810635538261997
10.205233844510566
18.701457236591136
24.4632639047837
21.826504921034562
16.55298695353628
12.158388647287708
10.400549324788281
12.646677347981994
15.771725032425422
19.092088197146563
21.338216220340275
23.58434424353399
25.92813000686656
25.732814526588847
25.830472266727703
25.439841306172273
24.267948424505988
24.4632639047837
24.4632639047837
23.19371328297856
17.43190661478599
9.033340962844282
-1.3183794918745708
-16.943617914091707
-33.15480277714199
-45.16670481422141
-50.44022278171969
-49.46364538033112
-47.51049057755398
-47.0222018768597
-50.14724956130312
-52.78400854505226
-49.658960860608836
-41.5533684290837
-29.63912413214313
-19.287403677424276
-11.963073167009995
-5.615320057984283
-2.0996414129854277
-1.7090104524299992
-3.466849774929427
-3.076218814373999
-0.34180209048599985
-2.0019836728465705
-5.420004577706569
-5.615320057984283
0.6347753109025711
11.279468986037996
18.310826276035705
18.701457236591136
12.74433508812085
6.103608758678568
2.0996414129854277
-1.1230640115968566
-2.0996414129854277
-2.783245593957427
-5.0293736171511405
-6.591897459372854
-5.322346837567712
1.9043259327077133
12.256046387426567
21.533531700617992
25.537499046311133
21.92416266117342
19.18974593728542
21.533531700617992
27.002365148393988
31.68993667505913
32.27588311589227
29.541466392004274
21.24055848020142
8.252079041733426
-6.591897459372854
-23.19371328297856
-36.57282368200198
-45.55733577477684
-49.46364538033112
-47.11985961699855
-40.772106507972836
-31.68993667505913
-24.853894865339132
-21.338216220340275
-20.068665598535134
-20.654612039368278
-13.916227969787137
10.009918364232853
59.522392614633404
132.08209353780424
196.73151750972764
203.95819028000304
120.94911116197451
-22.21713588158999
-149.17219806210423
-204.25116350041964
-183.45006485084306
-125.44136720836194
-68.99519340810254
-31.494621194781413
-14.404516670481422
-8.838025482566568
-7.666132600900283
-4.638742656595713
1.1230640115968566
5.322346837567712
9.42397192339971
13.623254749370565
19.58037689784085
27.881284809643702
33.64309147783627
35.49858854047456
33.3501182574197
30.420386053253985
28.857862211032273
27.1976806286717
28.564888990615703
31.00633249408713
32.6665140764477
34.91264209964141
36.67048142214084
37.35408560311284
34.717326619363696
30.811017013809415
28.174258030060273
25.439841306172273
25.439841306172273
27.1976806286717
28.66254673075456
28.369573510337986
24.95155260547799
20.16632333867399
13.525597009231708
7.275501640344854
3.1738765545128556
-1.416037232013428
-6.103608758678568
-12.646677347981994
-21.533531700617992
-30.811017013809415
-39.20958266575113
-42.62760357061112
-42.236972610055695
-39.20958266575113
-35.20561532005799
-32.86182955672541
-29.150835431448844
-23.58434424353399
-14.50217441062028
-0.6347753109025711
12.256046387426567
21.045242999923705
23.974975204089418
24.072632944228275
22.803082322423133
19.18974593728542
17.43190661478599
16.650644693675137
15.381094071869994
14.50217441062028
13.330281528953995
14.013885709925994
15.869382772564279
18.21316853589685
19.092088197146563
17.627222095063708
20.752269779507134
30.029755092698558
44.580758373388264
62.35446707866026
76.02655069810025
79.15159838254368
67.53032730601969
47.31517509727627
24.267948424505988
-2.9785610742351416
-28.564888990615703
-46.826886396581976
-55.713740749217976
-57.178606851300835
-56.88563363088426
-58.643472953383686
-66.06546120393683
-74.75700007629511
-79.54222934309911
-81.30006866559853
-79.83520256351568
-78.85862516212711
-79.54222934309911
-80.9094377050431
-81.5930418860151
-77.39375906004425
-70.36240177004655
-62.2568093385214
-54.346532387273975
-49.17067215991455
-43.21355001144427
-32.37354085603113
-6.494239719233997
48.19409475852598
132.08209353780424
213.52864881361106
230.61875333791104
146.04715037766078
-8.74036774242771
-150.3440909437705
-206.5949492637522
-175.6374456397345
-106.69108110170139
-47.705806057831694
-17.920195315480278
-9.71694514381628
-11.572442206454566
-11.670099946593423
-5.810635538261997
1.416037232013428
9.619287403677424
15.869382772564279
19.092088197146563
20.654612039368278
21.43587396047913
24.072632944228275
27.002365148393988
30.322728313115128
32.471198596169984
31.494621194781413
31.201647974364842
30.615701533531702
29.736781872281988
30.518043793392845
31.68993667505913
31.201647974364842
25.830472266727703
18.60379949645228
14.404516670481422
13.916227969787137
19.58037689784085
27.97894254978256
35.79156176089113
41.943999389639124
45.55733577477684
48.09643701838712
47.31517509727627
43.99481193255512
37.74471656366827
26.123445487144274
13.13496604867628
2.197299153124285
-4.931715877012284
-9.912260624093996
-16.650644693675137
-24.65857938506142
-34.0337224383917
-41.5533684290837
-45.947966735332265
-48.584725719081405
-46.04562447547112
-39.11192492561227
-29.053177691309987
-17.334248874647134
-8.154421301594567
-1.8066681925688564
1.8066681925688564
6.005951018539712
11.181811245899137
13.720912489509422
14.892805371175708
14.599832150759136
14.697489890897993
17.236591134508277
19.678034637979707
21.14290074006256
19.678034637979707
17.82253757534142
16.260013733119706
14.11154345006485
14.404516670481422
16.260013733119706
20.654612039368278
28.27191577019913
35.10795757991913
38.818951705195694
36.475165941863125
30.615701533531702
22.119478141451133
10.400549324788281
1.416037232013428
-2.783245593957427
-2.9785610742351416
0.43945983062485694
6.103608758678568
11.865415426871138
10.986495765621424
3.2715342946517127
-7.568474860761425
-19.385061417563133
-27.588311589227132
-32.86182955672541
-37.15877012283513
-42.62760357061112
-51.31914244296941
-60.108339055466544
-65.8701457236591
-64.20996414129854
-56.29968719005112
-48.877698939497975
-42.72526131074998
-38.525978484779124
-32.471198596169984
-17.43190661478599
14.013885709925994
71.63195239185168
150.44174868390937
219.7787441824979
225.14991989013504
130.03128099488822
-29.346150911726557
-164.99275196459908
-210.30594338902876
-171.63347829404134
-104.44495307850767
-54.54184786755169
-36.67048142214084
-36.86579690241855
-33.252460517280845
-12.646677347981994
22.119478141451133
50.04959182116426
61.182574196993976
62.745098039215684
58.936446173800256
50.73319600213626
40.67444876783398
35.010299839780274
29.9320973525597
18.994430457007706
8.44739452201114
1.416037232013428
-1.7090104524299992
-0.43945983062485694
4.248111696040284
11.279468986037996
17.13893339436942
22.314793621728846
23.87731746395056
18.506141756313422
11.377126726176853
5.810635538261997
3.9551384756237127
7.666132600900283
15.088120851453422
23.779659723811704
28.564888990615703
29.541466392004274
25.92813000686656
16.260013733119706
5.517662317845426
-4.150453955901427
-12.060730907148852
-18.60379949645228
-25.63515678644999
-32.95948729686427
-41.943999389639124
-49.073014419775696
-52.881666285191116
-54.639505607690545
-52.39337758449683
-48.584725719081405
-42.529945830472265
-32.56885633630884
-21.533531700617992
-12.060730907148852
-7.373159380483711
-5.322346837567712
-4.736400396734569
-6.6895551995117115
-6.884870679789426
-5.810635538261997
-3.8574807354848555
-1.2207217517357138
0.04882887006942855
0.04882887006942855
-2.68558785381857
-5.127031357289998
-6.005951018539712
-6.6895551995117115
-4.150453955901427
0.34180209048599985
6.494239719233997
13.525597009231708
18.017853055619135
19.971007858396277
18.60379949645228
17.334248874647134
15.771725032425422
11.47478446631571
8.642710002288853
9.130998702983138
13.427939269092851
19.678034637979707
24.365606164644845
27.783627069504846
27.783627069504846
24.756237125200276
17.041275654230564
3.9551384756237127
-7.666132600900283
-15.771725032425422
-19.287403677424276
-18.701457236591136
-16.55298695353628
-14.697489890897993
-17.43190661478599
-22.412451361867703
-26.514076447699704
-29.443808651865414
-28.564888990615703
-25.830472266727703
-21.92416266117342
-16.943617914091707
-11.670099946593423
-0.43945983062485694
26.123445487144274
81.69069962615396
157.08247501335165
205.13008316166935
175.93041886015106
65.47951476310368
-67.7256427862974
-153.0785076676585
-164.40680552376594
-124.95307850766766
-76.71015487907225
-41.84634164950027
-24.365606164644845
-19.58037689784085
-17.43190661478599
-14.990463111314565
-10.498207064927138
-2.783245593957427
4.834058136873426
10.302891584649425
11.572442206454566
12.84199282825971
14.697489890897993
14.013885709925994
13.720912489509422
13.720912489509422
15.283436331731137
20.16632333867399
28.27191577019913
38.525978484779124
44.28778515297169
42.04165712977798
29.443808651865414
10.302891584649425
-1.8066681925688564
-1.2207217517357138
9.71694514381628
23.974975204089418
34.91264209964141
40.28381780727855
39.307240405889985
39.20958266575113
43.604180971999696
48.291752498664835
51.90508888380255
52.881666285191116
49.56130312046998
40.186160067139696
27.295338368810558
15.185778591592278
-1.0254062714579995
-21.43587396047913
-40.28381780727855
-53.467612726024264
-58.74113069352254
-61.28023193713283
-63.6240177004654
-67.13969634546426
-71.72961013199054
-73.29213397421225
-70.85069047074083
-63.33104448004883
-54.7371633478294
-49.17067215991455
-42.43228809033341
-34.0337224383917
-24.267948424505988
-14.11154345006485
-5.0293736171511405
6.494239719233997
29.834439612420844
79.73754482337682
145.16823071641107
175.34447241931792
125.44136720836194
4.638742656595713
-120.65613794155794
-185.5985351338979
-177.0046540016785
-129.05470359349965
-86.8665598535134
-64.79591058213168
-53.85824368657969
-44.67841611352712
-32.37354085603113
-18.701457236591136
-3.2715342946517127
12.158388647287708
25.146868085755703
35.4009308003357
40.96742198825055
44.580758373388264
47.412832837415124
48.584725719081405
50.44022278171969
51.123826962691695
50.83085374227512
50.34256504158083
48.584725719081405
46.33859769588769
42.822919050888835
41.16273746852827
41.065079728389414
40.08850232700084
40.08850232700084
39.893186846723125
39.893186846723125
39.69787136644541
37.74471656366827
32.86182955672541
22.510109102006563
11.181811245899137
2.68558785381857
-3.076218814373999
-5.517662317845426
-7.666132600900283
-10.693522545204852
-15.185778591592278
-21.045242999923705
-26.123445487144274
-31.2993057145037
-35.20561532005799
-39.014267185473415
-43.018234531166556
-43.018234531166556
-39.307240405889985
-32.08056763561456
-23.291371023117417
-16.650644693675137
-12.939650568398566
-12.646677347981994
-11.47478446631571
-10.009918364232853
-10.595864805065995
-10.205233844510566
-8.545052262149996
-4.541084916456855
0.43945983062485694
2.9785610742351416
2.197299153124285
-2.0019836728465705
-4.443427176317998
-4.443427176317998
-5.0293736171511405
-5.322346837567712
-6.982528419928283
-8.545052262149996
-8.349736781872283
-6.103608758678568
-1.6113527122911422
0.6347753109025711
0.8300907911802854
-0.7324330510414282
-3.662165255207141
-4.736400396734569
-4.443427176317998
3.662165255207141
22.119478141451133
40.67444876783398
48.38941023880369
43.311207751583126
35.010299839780274
26.61173418783856
16.650644693675137
9.71694514381628
5.908293278400855
4.052796215762569
4.345769436179141
5.224689097428855
2.0019836728465705
-10.498207064927138
-24.853894865339132
-34.91264209964141
-41.74868390936141
-43.89715419241627
-42.43228809033341
-40.28381780727855
-41.065079728389414
-43.11589227130541
-39.69787136644541
-32.27588311589227
-22.021820401312276
-11.377126726176853
-3.8574807354848555
0.24414435034714274
0.6347753109025711
1.0254062714579995
3.2715342946517127
6.005951018539712
8.642710002288853
7.177843900205997
3.8574807354848555
0.6347753109025711
-2.197299153124285
-1.7090104524299992
2.0019836728465705
10.302891584649425
19.48271915770199
23.682001983672848
21.045242999923705
11.670099946593423
2.197299153124285
-4.248111696040284
-8.05676356145571
-6.298924238956283
-1.1230640115968566
5.127031357289998
8.642710002288853
8.05676356145571
9.033340962844282
18.21316853589685
47.80346379797055
102.39414053559167
165.09040970473794
198.29404135194935
161.77004654001678
54.053559166857404
-76.61249713893339
-163.13725490196077
-172.7077134355688
-130.22659647516593
-78.17502098115511
-44.77607385366598
-33.74074921797513
-31.68993667505913
-29.736781872281988
-22.60776684214542
-11.865415426871138
-2.490272373540856
2.8809033340962844
2.490272373540856
0.537117570763714
-1.513694972152285
-3.36919203479057
-0.9277485313191425
4.150453955901427
11.572442206454566
19.48271915770199
24.365606164644845
24.756237125200276
19.775692378118563
15.088120851453422
11.670099946593423
8.154421301594567
7.080186160067139
7.666132600900283
11.08415350576028
16.55298695353628
22.510109102006563
28.27191577019913
30.908674753948272
32.86182955672541
33.74074921797513
31.9829098954757
30.811017013809415
29.63912413214313
28.174258030060273
24.756237125200276
19.287403677424276
12.74433508812085
2.197299153124285
-9.912260624093996
-22.021820401312276
-33.252460517280845
-40.479133287556266
-45.069047074082555
-46.63157091630426
-45.26436255436027
-42.13931486991684
-37.84237430380713
-34.91264209964141
-30.322728313115128
-25.732814526588847
-24.4632639047837
-23.87731746395056
-23.291371023117417
-21.43587396047913
-18.799114976729992
-14.892805371175708
-8.838025482566568
-4.736400396734569
-1.2207217517357138
0.9277485313191425
0.14648661020828566
-1.0254062714579995
-1.6113527122911422
0.34180209048599985
3.7598229953459983
6.494239719233997
7.666132600900283
4.931715877012284
2.783245593957427
2.490272373540856
2.0996414129854277
3.1738765545128556
5.0293736171511405
8.154421301594567
10.400549324788281
10.400549324788281
9.71694514381628
7.959105821316854
8.545052262149996
10.205233844510566
9.228656443121995
7.568474860761425
5.322346837567712
4.248111696040284
4.052796215762569
4.150453955901427
4.150453955901427
1.513694972152285
0.04882887006942855
1.1230640115968566
3.7598229953459983
8.642710002288853
12.84199282825971
15.771725032425422
17.13893339436942
16.943617914091707
15.576409552147707
11.767757686732281
10.498207064927138
12.84199282825971
15.869382772564279
18.60379949645228
16.45532921339742
9.81460288395514
1.513694972152285
-4.248111696040284
-6.103608758678568
-7.568474860761425
-7.763790341039139
-8.154421301594567
-10.595864805065995
-11.670099946593423
-11.181811245899137
-7.470817120622568
0.7324330510414282
17.334248874647134
49.073014419775696
97.99954222934309
156.9848172732128
191.94628824292363
159.52391851682307
55.713740749217976
-70.06942854962998
-151.80895704585336
-164.60212100404365
-131.59380483710993
-89.30800335698481
-60.59662775616083
-43.70183871213855
-34.0337224383917
-29.053177691309987
-23.291371023117417
-17.041275654230564
-9.912260624093996
-2.5879301136797133
3.5645075150682843
6.787212939650568
4.443427176317998
1.3183794918745708
-0.04882887006942855
0.43945983062485694
5.615320057984283
11.963073167009995
17.52956435492485
20.947585259784848
22.705424582284277
23.87731746395056
22.510109102006563
21.826504921034562
22.412451361867703
23.389028763256274
26.61173418783856
29.541466392004274
31.9829098954757
33.93606469825284
36.27985046158541
39.20958266575113
38.42832074464027
35.98687724116884
32.471198596169984
26.318760967421987
19.775692378118563
13.427939269092851
9.033340962844282
5.224689097428855
0.7324330510414282
-5.224689097428855
-16.260013733119706
-29.2484931715877
-40.479133287556266
-47.412832837415124
-48.09643701838712
-47.21751735713741
-46.33859769588769
-44.77607385366598
-41.358052948805984
-36.67048142214084
-34.22903791866941
-31.201647974364842
-27.588311589227132
-23.779659723811704
-17.52956435492485
-11.08415350576028
-4.638742656595713
0.9277485313191425
4.834058136873426
6.005951018539712
1.513694972152285
-3.662165255207141
-7.177843900205997
-7.568474860761425
-3.1738765545128556
1.1230640115968566
4.248111696040284
5.908293278400855
7.373159380483711
8.838025482566568
6.982528419928283
4.248111696040284
0.9277485313191425
-2.392614633401999
-2.2949568932631417
0.14648661020828566
5.127031357289998
10.595864805065995
13.525597009231708
12.549019607843137
7.275501640344854
4.638742656595713
6.6895551995117115
11.767757686732281
19.48271915770199
25.24452582589456
27.881284809643702
28.076600289921416
28.95551995117113
31.103990234225986
28.66254673075456
21.92416266117342
11.963073167009995
1.0254062714579995
-6.884870679789426
-12.646677347981994
-15.47875181200885
-17.82253757534142
-22.705424582284277
-30.908674753948272
-41.26039520866713
-46.04562447547112
-44.28778515297169
-39.40489814602884
-31.494621194781413
-22.60776684214542
-11.377126726176853
2.490272373540856
22.021820401312276
54.24887464713512
103.17540245670253
159.2309452964065
182.37582970931564
131.2031738765545
14.599832150759136
-105.0308995193408
-162.25833524071106
-146.73075455863278
-96.04638742656596
-51.90508888380255
-32.27588311589227
-27.588311589227132
-27.97894254978256
-27.588311589227132
-20.068665598535134
-7.959105821316854
4.443427176317998
11.181811245899137
11.08415350576028
9.033340962844282
9.228656443121995
15.185778591592278
20.947585259784848
22.803082322423133
24.072632944228275
24.4632639047837
26.123445487144274
30.811017013809415
36.768139162279695
39.600213626306555
36.86579690241855
35.69390402075227
36.57282368200198
36.182192721446555
35.4009308003357
33.838406958113985
34.0337224383917
36.57282368200198
41.26039520866713
45.26436255436027
42.236972610055695
34.91264209964141
26.709391927977418
19.87335011825742
16.943617914091707
14.795147631036851
11.181811245899137
2.197299153124285
-10.595864805065995
-23.291371023117417
-34.61966887922484
-42.43228809033341
-49.365987640192266
-53.760585946440834
-49.85427634088655
-42.13931486991684
-36.37750820172427
-35.10795757991913
-35.69390402075227
-36.67048142214084
-39.40489814602884
-38.23300526436255
-32.56885633630884
-24.17029068436713
-14.306858930342566
-8.935683222705425
-7.470817120622568
-6.201266498817426
-3.076218814373999
-1.3183794918745708
-4.638742656595713
-6.787212939650568
-6.591897459372854
-6.103608758678568
-4.736400396734569
-4.834058136873426
-6.298924238956283
-9.71694514381628
-14.306858930342566
-18.994430457007706
-23.48668650339513
-22.021820401312276
-17.236591134508277
-13.720912489509422
-10.400549324788281
-8.05676356145571
-6.982528419928283
-7.763790341039139
-6.298924238956283
0.43945983062485694
8.154421301594567
17.13893339436942
25.830472266727703
31.2993057145037
32.471198596169984
28.369573510337986
22.21713588158999
15.283436331731137
8.838025482566568
1.8066681925688564
-10.693522545204852
-26.025787747005417
-40.479133287556266
-48.97535667963683
-48.09643701838712
-42.62760357061112
-35.889219501029984
-29.736781872281988
-22.119478141451133
-14.11154345006485
-9.521629663538567
1.7090104524299992
34.0337224383917
93.80025940337224
167.92248416876478
214.21225299458305
187.35637445639733
74.95231555657283
-72.02258335240711
-175.53978789959564
-196.8291752498665
-150.73472190432594
-84.81574731059739
-34.52201113908598
-7.763790341039139
0.04882887006942855
2.68558785381857
8.252079041733426
17.041275654230564
23.19371328297856
22.412451361867703
21.24055848020142
21.92416266117342
24.65857938506142
29.834439612420844
32.95948729686427
33.838406958113985
34.717326619363696
37.74471656366827
39.79552910658427
35.4009308003357
28.564888990615703
20.263981078812847
11.963073167009995
7.861448081177996
7.470817120622568
10.302891584649425
13.916227969787137
17.334248874647134
18.701457236591136
15.47875181200885
13.232623788815136
12.74433508812085
12.45136186770428
13.623254749370565
14.892805371175708
14.306858930342566
8.74036774242771
1.1230640115968566
-6.103608758678568
-15.967040512703136
-25.537499046311133
-34.131380178530556
-41.943999389639124
-46.92454413672083
-49.46364538033112
-49.365987640192266
-50.635538261997404
-52.6863508049134
-53.17463950560769
-53.56527046616312
-50.635538261997404
-45.45967803463798
-40.479133287556266
-35.98687724116884
-32.86182955672541
-30.420386053253985
-30.71335927367056
-30.22507057297627
-26.318760967421987
-22.803082322423133
-18.40848401617456
-13.916227969787137
-11.279468986037996
-9.81460288395514
-7.568474860761425
-2.490272373540856
0.7324330510414282
3.36919203479057
6.982528419928283
7.177843900205997
5.71297779812314
5.127031357289998
6.494239719233997
9.130998702983138
11.47478446631571
14.404516670481422
15.185778591592278
15.674067292286564
17.724879835202564
17.920195315480278
18.40848401617456
19.971007858396277
22.90074006256199
28.27191577019913
35.49858854047456
43.604180971999696
46.04562447547112
42.236972610055695
34.61966887922484
21.728847180895706
7.666132600900283
-4.541084916456855
-13.720912489509422
-20.361638818951704
-27.68596932936599
-35.49858854047456
-44.38544289311055
-48.78004119935912
-44.580758373388264
-37.256427862973986
-29.2484931715877
-23.389028763256274
-18.21316853589685
-7.373159380483711
16.943617914091707
64.3076218814374
132.27740901808195
199.17296101319906
217.14198519874876
141.2619211108568
-8.935683222705425
-154.15274280918592
-218.50919356069275
-190.38376440070192
-116.45685511558709
-48.19409475852598
-12.353704127565424
-3.1738765545128556
-4.638742656595713
-7.763790341039139
-5.615320057984283
1.1230640115968566
10.009918364232853
18.994430457007706
24.853894865339132
28.27191577019913
28.95551995117113
29.541466392004274
29.9320973525597
26.90470740825513
24.365606164644845
23.58434424353399
25.049210345616846
28.467231250476843
30.71335927367056
31.885252155336843
30.811017013809415
29.443808651865414
29.443808651865414
29.541466392004274
32.27588311589227
34.91264209964141
35.889219501029984
36.96345464255741
38.525978484779124
42.04165712977798
45.26436255436027
48.09643701838712
49.17067215991455
45.26436255436027
39.307240405889985
32.08056763561456
23.682001983672848
14.697489890897993
5.127031357289998
-0.9277485313191425
-3.076218814373999
-2.2949568932631417
-3.662165255207141
-11.767757686732281
-21.92416266117342
-31.396963454642556
-36.27985046158541
-34.131380178530556
-30.322728313115128
-27.97894254978256
-27.49065384908827
-24.853894865339132
-19.971007858396277
-14.892805371175708
-7.666132600900283
-3.36919203479057
-4.150453955901427
-5.615320057984283
-5.420004577706569
-2.783245593957427
-0.43945983062485694
1.1230640115968566
0.537117570763714
-4.052796215762569
-8.252079041733426
-13.13496604867628
-18.506141756313422
-20.947585259784848
-20.45929655909056
-17.920195315480278
-16.16235599298085
-14.795147631036851
-15.088120851453422
-18.701457236591136
-19.775692378118563
-17.236591134508277
-11.670099946593423
-3.5645075150682843
3.8574807354848555
10.10757610437171
14.697489890897993
21.045242999923705
27.100022888532845
24.95155260547799
15.576409552147707
1.9043259327077133
-12.256046387426567
-23.58434424353399
-31.201647974364842
-35.20561532005799
-41.16273746852827
-49.26832990005341
-56.49500267032883
-60.987258716716255
-58.54581521324483
-51.61211566338598
-43.604180971999696
-36.768139162279695
-32.86182955672541
-28.467231250476843
-17.627222095063708
13.916227969787137
75.53826199740597
152.10193026626993
203.95819028000304
181.7898832684825
72.02258335240711
-76.22186617837797
-181.88754100862135
-197.5127794308385
-147.31670099946592
-83.35088120851454
-41.26039520866713
-28.076600289921416
-27.97894254978256
-27.97894254978256
-21.728847180895706
-10.205233844510566
1.513694972152285
12.060730907148852
18.506141756313422
22.21713588158999
23.779659723811704
21.533531700617992
19.775692378118563
19.775692378118563
22.314793621728846
27.1976806286717
31.2993057145037
34.32669565880827
35.10795757991913
35.889219501029984
36.86579690241855
35.889219501029984
34.717326619363696
32.178225375753414
30.127412832837415
32.471198596169984
38.525978484779124
46.533913176165406
51.709773403524835
54.44419012741283
54.7371633478294
50.635538261997404
44.97138933394369
38.42832074464027
32.764171816586554
28.467231250476843
22.705424582284277
13.81857022964828
-0.04882887006942855
-13.916227969787137
-24.560921644922562
-33.545433737697415
-39.79552910658427
-45.654993514915695
-50.14724956130312
-51.02616922255284
-49.26832990005341
-45.55733577477684
-41.26039520866713
-34.61966887922484
-27.295338368810558
-22.998397802700847
-19.385061417563133
-17.920195315480278
-17.43190661478599
-14.892805371175708
-10.693522545204852
-6.494239719233997
-5.615320057984283
-5.224689097428855
-4.736400396734569
-6.884870679789426
-8.545052262149996
-9.81460288395514
-9.521629663538567
-6.39658197909514
-1.7090104524299992
3.076218814373999
3.5645075150682843
1.1230640115968566
-2.68558785381857
-8.642710002288853
-12.353704127565424
-13.81857022964828
-13.525597009231708
-11.47478446631571
-8.252079041733426
-2.392614633401999
3.5645075150682843
11.279468986037996
19.287403677424276
23.87731746395056
27.392996108949415
30.029755092698558
30.908674753948272
28.760204470893417
22.998397802700847
15.576409552147707
4.736400396734569
-6.298924238956283
-16.064698252841993
-26.22110322728313
-34.424353398947126
-40.57679102769512
-42.92057679102769
-40.772106507972836
-35.69390402075227
-27.49065384908827
-19.971007858396277
-13.330281528953995
-6.591897459372854
3.466849774929427
31.00633249408713
84.3274586099031
153.17616540779736
198.00106813153278
172.80537117570765
70.94834821087969
-61.182574196993976
-150.73472190432594
-161.37941557946135
-116.16388189517052
-59.42473487449455
-23.48668650339513
-10.888838025482567
-8.642710002288853
-7.666132600900283
-4.834058136873426
-2.68558785381857
0.8300907911802854
5.71297779812314
9.81460288395514
15.283436331731137
19.287403677424276
20.84992751964599
21.826504921034562
22.90074006256199
24.365606164644845
23.58434424353399
22.510109102006563
21.24055848020142
18.310826276035705
17.724879835202564
18.994430457007706
21.533531700617992
25.24452582589456
28.27191577019913
29.834439612420844
27.392996108949415
25.146868085755703
25.342183566033416
26.22110322728313
29.346150911726557
32.471198596169984
34.131380178530556
33.64309147783627
31.2993057145037
27.49065384908827
18.11551079575799
6.201266498817426
-5.224689097428855
-17.43190661478599
-28.760204470893417
-39.307240405889985
-47.11985961699855
-50.44022278171969
-50.14724956130312
-47.0222018768597
-45.26436255436027
-44.09246967269398
-42.822919050888835
-41.5533684290837
-36.86579690241855
-30.322728313115128
-22.803082322423133
-15.381094071869994
-10.10757610437171
-6.982528419928283
-6.787212939650568
-5.71297779812314
-3.8574807354848555
-3.8574807354848555
-2.0996414129854277
1.513694972152285
7.568474860761425
14.11154345006485
18.310826276035705
19.48271915770199
16.748302433813993
14.306858930342566
11.963073167009995
7.080186160067139
3.2715342946517127
1.1230640115968566
0.8300907911802854
1.3183794918745708
1.513694972152285
2.490272373540856
2.8809033340962844
6.103608758678568
11.865415426871138
16.260013733119706
20.752269779507134
25.24452582589456
31.2993057145037
37.06111238269627
37.35408560311284
29.9320973525597
14.892805371175708
0.537117570763714
-8.74036774242771
-15.088120851453422
-18.799114976729992
-23.19371328297856
-28.66254673075456
-35.303273060196844
-42.529945830472265
-46.240939955748836
-44.97138933394369
-36.475165941863125
-24.756237125200276
-17.82253757534142
-16.260013733119706
-17.627222095063708
-10.693522545204852
20.361638818951704
83.05790798809797
157.37544823376822
189.89547570000764
140.3830014496071
21.826504921034562
-102.00350957503625
-164.11383230334937
-152.10193026626993
-100.53864347295338
-51.80743114366369
-25.830472266727703
-19.18974593728542
-23.19371328297856
-26.123445487144274
-23.48668650339513
-16.16235599298085
-4.150453955901427
6.39658197909514
12.060730907148852
14.209201190203707
15.869382772564279
19.385061417563133
21.24055848020142
22.510109102006563
22.314793621728846
19.87335011825742
19.775692378118563
22.119478141451133
25.63515678644999
27.588311589227132
26.807049668116274
26.025787747005417
24.072632944228275
22.998397802700847
22.119478141451133
21.826504921034562
26.61173418783856
33.44777599755856
38.91660944533455
42.33463035019455
44.48310063324941
45.55733577477684
41.358052948805984
35.889219501029984
31.494621194781413
24.95155260547799
15.088120851453422
0.9277485313191425
-13.720912489509422
-24.756237125200276
-30.127412832837415
-31.9829098954757
-36.96345464255741
-43.21355001144427
-47.60814831769284
-50.14724956130312
-50.34256504158083
-51.123826962691695
-49.75661860074769
-43.21355001144427
-33.15480277714199
-23.389028763256274
-18.11551079575799
-13.037308308537423
-6.787212939650568
-2.783245593957427
-1.0254062714579995
-3.2715342946517127
-6.298924238956283
-5.810635538261997
-0.9277485313191425
5.420004577706569
6.591897459372854
4.052796215762569
-0.43945983062485694
-6.103608758678568
-8.252079041733426
-7.568474860761425
-4.150453955901427
0.34180209048599985
4.052796215762569
5.810635538261997
2.9785610742351416
0.04882887006942855
-1.1230640115968566
-0.7324330510414282
4.541084916456855
12.939650568398566
21.43587396047913
26.123445487144274
26.61173418783856
26.514076447699704
27.100022888532845
30.22507057297627
30.420386053253985
21.63118944075685
9.326314183260854
-0.34180209048599985
-5.908293278400855
-13.232623788815136
-25.146868085755703
-35.79156176089113
-41.358052948805984
-40.08850232700084
-37.06111238269627
-37.15877012283513
-37.15877012283513
-36.27985046158541
-32.178225375753414
-24.365606164644845
-11.377126726176853
13.330281528953995
58.936446173800256
129.54299229419394
194.77836270695047
196.53620202944992
104.24963759822995
-46.33859769588769
-170.65690089265277
-210.01297016861218
-171.9264515144579
-104.73792629892424
-51.80743114366369
-22.021820401312276
-10.986495765621424
-12.74433508812085
-16.650644693675137
-16.748302433813993
-9.130998702983138
3.7598229953459983
15.771725032425422
21.826504921034562
19.678034637979707
16.943617914091707
16.748302433813993
16.45532921339742
15.967040512703136
14.209201190203707
14.795147631036851
19.58037689784085
26.025787747005417
30.22507057297627
28.564888990615703
24.4632639047837
18.60379949645228
12.158388647287708
12.060730907148852
18.21316853589685
27.002365148393988
33.44777599755856
35.79156176089113
35.10795757991913
30.811017013809415
28.369573510337986
28.467231250476843
26.61173418783856
21.92416266117342
14.795147631036851
9.521629663538567
5.810635538261997
0.7324330510414282
-7.568474860761425
-21.338216220340275
-33.74074921797513
-40.86976424811169
-44.19012741283284
-44.09246967269398
-43.604180971999696
-41.16273746852827
-37.256427862973986
-32.95948729686427
-28.564888990615703
-26.318760967421987
-23.389028763256274
-20.654612039368278
-19.87335011825742
-17.920195315480278
-14.404516670481422
-8.349736781872283
-1.416037232013428
4.345769436179141
7.470817120622568
4.931715877012284
1.7090104524299992
0.34180209048599985
0.14648661020828566
2.2949568932631417
4.248111696040284
6.884870679789426
10.595864805065995
15.088120851453422
18.40848401617456
16.357671473258563
12.74433508812085
10.79118028534371
10.79118028534371
14.013885709925994
17.041275654230564
19.385061417563133
21.338216220340275
23.096055542839704
24.560921644922562
22.314793621728846
21.14290074006256
23.291371023117417
26.416418707560844
27.49065384908827
22.412451361867703
14.50217441062028
7.568474860761425
2.197299153124285
-4.931715877012284
-19.48271915770199
-36.96345464255741
-52.588693064774546
-63.33104448004883
-65.57717250324254
-61.37788967727169
-52.002746623941405
-39.69787136644541
-26.709391927977418
-16.16235599298085
-13.330281528953995
-10.888838025482567
3.8574807354848555
44.48310063324941
117.3357747768368
197.21980621042192
229.25154497596705
164.6997787441825
17.724879835202564
-132.08209353780424
-209.71999694819561
-195.26665140764476
-129.54299229419394
-64.79591058213168
-24.65857938506142
-9.521629663538567
-8.349736781872283
-12.84199282825971
-17.334248874647134
-18.21316853589685
-16.064698252841993
-8.642710002288853
0.537117570763714
7.177843900205997
12.353704127565424
15.869382772564279
19.287403677424276
22.314793621728846
24.560921644922562
25.830472266727703
22.60776684214542
17.82253757534142
12.158388647287708
5.71297779812314
2.5879301136797133
2.8809033340962844
6.591897459372854
11.279468986037996
16.064698252841993
22.412451361867703
28.174258030060273
35.889219501029984
44.28778515297169
51.22148470283055
57.37392233157855
60.30365453574426
59.62005035477226
53.95590142671855
45.947966735332265
38.72129396505684
29.834439612420844
21.338216220340275
12.158388647287708
0.04882887006942855
-13.330281528953995
-27.295338368810558
-39.40489814602884
-50.04959182116426
-57.27626459143969
-59.522392614633404
-60.987258716716255
-60.108339055466544
-56.7879758907454
-51.80743114366369
-44.38544289311055
-37.64705882352941
-31.396963454642556
-25.830472266727703
-19.678034637979707
-12.549019607843137
-7.861448081177996
-3.466849774929427
0.24414435034714274
2.490272373540856
5.71297779812314
9.619287403677424
15.088120851453422
19.678034637979707
21.43587396047913
19.385061417563133
11.767757686732281
5.420004577706569
4.150453955901427
6.982528419928283
11.865415426871138
14.990463111314565
17.920195315480278
21.43587396047913
26.025787747005417
30.615701533531702
32.471198596169984
36.0845349813077
43.21355001144427
53.17463950560769
67.33501182574197
83.05790798809797
97.3159380483711
103.17540245670253
97.21828030823224
80.12817578393225
52.39337758449683
24.072632944228275
2.68558785381857
-10.986495765621424
-19.971007858396277
-30.420386053253985
-43.79949645227741
-59.03410391393912
-71.33897917143511
-79.05394064240483
-85.88998245212481
-89.30800335698481
-89.30800335698481
-86.47592889295797
-77.4914168001831
-56.59266041046769
-9.619287403677424
69.58113984893568
160.1098649576562
206.98558022430763
155.8129243915465
17.724879835202564
-130.03128099488822
-205.2277409018082
-186.37979705500877
-118.70298313878081
-54.932478828107115
-19.58037689784085
-9.42397192339971
-12.45136186770428
-18.799114976729992
-18.40848401617456
-12.256046387426567
-4.931715877012284
2.392614633401999
6.201266498817426
8.349736781872283
11.47478446631571
16.357671473258563
20.654612039368278
20.947585259784848
21.045242999923705
20.263981078812847
18.017853055619135
18.11551079575799
19.092088197146563
19.287403677424276
16.650644693675137
12.45136186770428
9.033340962844282
6.591897459372854
9.521629663538567
15.967040512703136
22.90074006256199
30.811017013809415
37.35408560311284
41.74868390936141
42.04165712977798
38.91660944533455
33.545433737697415
24.853894865339132
17.52956435492485
12.158388647287708
6.494239719233997
-0.24414435034714274
-10.888838025482567
-23.291371023117417
-35.4009308003357
-43.79949645227741
-48.38941023880369
-52.97932402532997
-55.90905622949569
-56.7879758907454
-52.881666285191116
-42.13931486991684
-30.811017013809415
-22.705424582284277
-18.310826276035705
-15.576409552147707
-14.697489890897993
-18.89677271686885
-22.998397802700847
-23.974975204089418
-20.263981078812847
-11.181811245899137
-2.490272373540856
3.8574807354848555
7.959105821316854
11.08415350576028
12.256046387426567
8.545052262149996
4.638742656595713
0.9277485313191425
-1.8066681925688564
-0.6347753109025711
2.392614633401999
5.810635538261997
6.494239719233997
4.541084916456855
0.8300907911802854
-5.420004577706569
-9.228656443121995
-9.912260624093996
-8.154421301594567
-2.392614633401999
5.127031357289998
13.720912489509422
19.971007858396277
24.65857938506142
32.86182955672541
46.72922865644312
63.42870222018769
70.85069047074083
64.9912260624094
53.66292820630198
40.186160067139696
25.92813000686656
11.572442206454566
-0.6347753109025711
-12.45136186770428
-26.514076447699704
-35.98687724116884
-40.479133287556266
-41.651026169222554
-37.64705882352941
-31.592278934920273
-26.025787747005417
-23.389028763256274
-19.87335011825742
-7.666132600900283
25.24452582589456
91.45647364003968
168.70374608987564
198.97764553292134
137.1602960250248
0.34180209048599985
-132.66803997863738
-193.89944304570076
-174.75852597848478
-118.60532539864195
-72.31555657282368
-48.877698939497975
-43.79949645227741
-45.75265125505455
-42.43228809033341
-34.81498435950255
-33.05714503700313
-44.873731593804834
-58.8387884336614
-60.108339055466544
-50.44022278171969
-36.768139162279695
-24.560921644922562
-13.427939269092851
-1.6113527122911422
8.935683222705425
19.385061417563133
26.90470740825513
31.592278934920273
34.81498435950255
34.22903791866941
33.252460517280845
33.3501182574197
35.4009308003357
39.79552910658427
43.40886549172198
47.0222018768597
49.073014419775696
50.44022278171969
52.78400854505226
53.760585946440834
55.03013656824598
55.51842526894026
54.54184786755169
52.588693064774546
48.09643701838712
42.13931486991684
32.178225375753414
18.60379949645228
3.8574807354848555
-12.158388647287708
-25.537499046311133
-35.596246280613414
-41.358052948805984
-41.26039520866713
-38.42832074464027
-32.764171816586554
-26.807049668116274
-21.14290074006256
-16.260013733119706
-14.013885709925994
-10.400549324788281
-6.591897459372854
-3.5645075150682843
-0.537117570763714
0.7324330510414282
1.513694972152285
1.6113527122911422
2.783245593957427
4.736400396734569
3.9551384756237127
3.7598229953459983
4.443427176317998
5.322346837567712
6.103608758678568
4.248111696040284
3.1738765545128556
4.736400396734569
9.033340962844282
12.45136186770428
10.009918364232853
6.982528419928283
5.71297779812314
6.39658197909514
8.935683222705425
8.74036774242771
5.517662317845426
0.14648661020828566
-2.0019836728465705
0.7324330510414282
4.736400396734569
10.986495765621424
17.627222095063708
23.291371023117417
28.076600289921416
30.22507057297627
30.71335927367056
27.97894254978256
22.314793621728846
12.84199282825971
-1.8066681925688564
-15.674067292286564
-26.709391927977418
-35.20561532005799
-40.28381780727855
-43.11589227130541
-42.62760357061112
-41.358052948805984
-37.64705882352941
-30.908674753948272
-26.025787747005417
-23.87731746395056
-22.90074006256199
-12.158388647287708
23.682001983672848
87.64782177462425
160.89112687876707
197.12214847028307
157.47310597390708
46.92454413672083
-81.20241092545967
-158.5473411154345
-161.2817578393225
-116.94514381628137
-66.74906538490883
-35.303273060196844
-22.314793621728846
-19.385061417563133
-17.13893339436942
-13.330281528953995
-11.963073167009995
-9.81460288395514
-5.420004577706569
1.9043259327077133
11.08415350576028
16.84596017395285
19.385061417563133
19.58037689784085
20.45929655909056
22.412451361867703
22.998397802700847
25.830472266727703
28.95551995117113
29.834439612420844
28.564888990615703
26.318760967421987
26.807049668116274
28.467231250476843
30.615701533531702
31.201647974364842
25.732814526588847
17.627222095063708
10.400549324788281
9.326314183260854
18.017853055619135
31.2993057145037
41.26039520866713
39.893186846723125
31.592278934920273
23.87731746395056
15.674067292286564
6.787212939650568
-2.783245593957427
-9.326314183260854
-12.060730907148852
-18.11551079575799
-30.615701533531702
-46.240939955748836
-53.56527046616312
-48.48706797894255
-39.11192492561227
-30.518043793392845
-26.61173418783856
-25.63515678644999
-23.389028763256274
-19.678034637979707
-13.427939269092851
-6.787212939650568
-0.34180209048599985
2.0996414129854277
-3.36919203479057
-10.79118028534371
-15.869382772564279
-16.260013733119706
-11.47478446631571
-6.39658197909514
-3.1738765545128556
-3.7598229953459983
-3.466849774929427
-0.04882887006942855
2.5879301136797133
4.736400396734569
4.931715877012284
5.517662317845426
8.252079041733426
10.009918364232853
9.912260624093996
7.666132600900283
6.298924238956283
6.494239719233997
5.0293736171511405
3.662165255207141
1.3183794918745708
-0.14648661020828566
2.5879301136797133
8.252079041733426
15.47875181200885
20.84992751964599
25.439841306172273
27.881284809643702
24.4632639047837
19.385061417563133
14.306858930342566
8.349736781872283
0.24414435034714274
-11.279468986037996
-23.48668650339513
-36.37750820172427
-47.21751735713741
-52.881666285191116
-52.588693064774546
-43.50652323186084
-31.9829098954757
-23.58434424353399
-18.60379949645228
-17.041275654230564
-15.47875181200885
-7.470817120622568
23.48668650339513
85.49935149156939
155.71526665140763
191.16502632181277
152.1995880064088
41.651026169222554
-87.7454795147631
-171.14518959334706
-179.4460975051499
-138.23453116655222
-87.84313725490196
-52.002746623941405
-34.32669565880827
-24.853894865339132
-19.48271915770199
-15.47875181200885
-10.986495765621424
-7.470817120622568
-4.052796215762569
-0.9277485313191425
4.834058136873426
12.158388647287708
16.260013733119706
19.287403677424276
21.14290074006256
22.21713588158999
23.779659723811704
24.65857938506142
26.90470740825513
29.150835431448844
32.178225375753414
34.131380178530556
31.787594415197987
29.053177691309987
26.123445487144274
22.314793621728846
18.40848401617456
15.185778591592278
13.525597009231708
10.79118028534371
9.228656443121995
11.47478446631571
15.088120851453422
19.971007858396277
21.63118944075685
17.43190661478599
8.154421301594567
-2.783245593957427
-10.888838025482567
-18.21316853589685
-24.17029068436713
-28.076600289921416
-32.27588311589227
-34.81498435950255
-37.35408560311284
-40.186160067139696
-42.13931486991684
-42.72526131074998
-39.600213626306555
-35.889219501029984
-31.787594415197987
-27.783627069504846
-26.90470740825513
-26.416418707560844
-24.853894865339132
-19.48271915770199
-10.400549324788281
-1.513694972152285
5.615320057984283
7.959105821316854
7.763790341039139
6.884870679789426
4.736400396734569
4.736400396734569
6.005951018539712
8.154421301594567
11.572442206454566
15.283436331731137
19.385061417563133
19.775692378118563
16.748302433813993
11.670099946593423
4.931715877012284
1.1230640115968566
0.24414435034714274
2.2949568932631417
6.103608758678568
8.935683222705425
11.670099946593423
13.623254749370565
16.84596017395285
20.752269779507134
22.90074006256199
26.514076447699704
30.127412832837415
30.811017013809415
27.588311589227132
21.24055848020142
14.599832150759136
5.908293278400855
-2.197299153124285
-8.838025482566568
-17.13893339436942
-26.22110322728313
-35.79156176089113
-41.358052948805984
-39.5025558861677
-32.6665140764477
-24.560921644922562
-20.55695429922942
-18.60379949645228
-15.771725032425422
-11.572442206454566
1.513694972152285
31.787594415197987
85.20637827115281
147.90264744029906
180.52033264667736
144.09399557488365
36.57282368200198
-85.49935149156939
-155.8129243915465
-155.3246356908522
-110.59739070725567
-62.2568093385214
-29.63912413214313
-11.670099946593423
-3.1738765545128556
0.537117570763714
0.9277485313191425
1.8066681925688564
3.8574807354848555
4.150453955901427
5.0293736171511405
7.763790341039139
15.771725032425422
29.150835431448844
39.69787136644541
40.38147554741741
30.127412832837415
20.654612039368278
18.994430457007706
19.87335011825742
18.60379949645228
12.353704127565424
6.005951018539712
4.931715877012284
8.838025482566568
15.967040512703136
19.678034637979707
18.60379949645228
13.330281528953995
6.39658197909514
6.787212939650568
16.357671473258563
30.811017013809415
40.96742198825055
39.600213626306555
29.2484931715877
15.967040512703136
9.033340962844282
9.326314183260854
10.595864805065995
10.595864805065995
6.982528419928283
0.34180209048599985
-7.568474860761425
-14.697489890897993
-17.43190661478599
-19.48271915770199
-24.267948424505988
-33.252460517280845
-42.33463035019455
-42.822919050888835
-36.768139162279695
-28.564888990615703
-19.58037689784085
-10.498207064927138
-1.416037232013428
3.9551384756237127
7.373159380483711
8.935683222705425
6.884870679789426
4.541084916456855
1.7090104524299992
-0.04882887006942855
0.04882887006942855
0.9277485313191425
2.783245593957427
3.5645075150682843
4.736400396734569
3.662165255207141
-1.9043259327077133
-6.39658197909514
-7.568474860761425
-5.322346837567712
-1.7090104524299992
-0.04882887006942855
-0.24414435034714274
-3.076218814373999
-4.736400396734569
-4.834058136873426
-5.127031357289998
-2.2949568932631417
2.68558785381857
9.42397192339971
16.943617914091707
23.291371023117417
27.295338368810558
24.17029068436713
15.674067292286564
4.248111696040284
-9.912260624093996
-22.803082322423133
-32.95948729686427
-38.525978484779124
-40.38147554741741
-41.651026169222554
-41.74868390936141
-41.5533684290837
-38.42832074464027
-33.44777599755856
-30.127412832837415
-26.514076447699704
-23.58434424353399
-19.287403677424276
-10.205233844510566
7.763790341039139
43.70183871213855
99.95269703212024
162.06301976043335
187.6493476768139
134.71885252155337
14.11154345006485
-110.89036392767224
-173.97726405737393
-160.7934691386282
-107.17936980239567
-55.51842526894026
-28.467231250476843
-20.752269779507134
-20.16632333867399
-19.48271915770199
-14.013885709925994
-7.666132600900283
-1.513694972152285
5.224689097428855
11.767757686732281
16.16235599298085
14.599832150759136
10.79118028534371
7.568474860761425
5.224689097428855
6.982528419928283
10.498207064927138
14.599832150759136
18.11551079575799
19.385061417563133
18.60379949645228
13.623254749370565
8.44739452201114
5.810635538261997
4.248111696040284
5.615320057984283
9.326314183260854
16.064698252841993
24.756237125200276
31.9829098954757
36.0845349813077
34.61966887922484
31.494621194781413
28.467231250476843
23.389028763256274
18.017853055619135
12.84199282825971
9.619287403677424
7.275501640344854
3.5645075150682843
-1.7090104524299992
-12.060730907148852
-24.072632944228275
-34.52201113908598
-42.62760357061112
-45.85030899519341
-45.654993514915695
-41.5533684290837
-34.91264209964141
-28.857862211032273
-24.65857938506142
-24.267948424505988
-23.291371023117417
-19.87335011825742
-16.55298695353628
-12.646677347981994
-9.912260624093996
-6.6895551995117115
-2.2949568932631417
2.197299153124285
5.810635538261997
4.345769436179141
0.537117570763714
-2.8809033340962844
-6.005951018539712
-6.005951018539712
-3.9551384756237127
1.1230640115968566
8.545052262149996
15.088120851453422
18.89677271686885
17.724879835202564
15.967040512703136
14.795147631036851
12.939650568398566
13.232623788815136
15.283436331731137
20.263981078812847
27.881284809643702
35.49858854047456
40.67444876783398
40.08850232700084
39.20958266575113
40.479133287556266
40.186160067139696
36.86579690241855
29.053177691309987
19.287403677424276
9.326314183260854
0.14648661020828566
-6.787212939650568
-14.795147631036851
-22.90074006256199
-31.396963454642556
-39.893186846723125
-42.92057679102769
-40.38147554741741
-33.252460517280845
-25.342183566033416
-20.16632333867399
-18.506141756313422
-20.16632333867399
-16.650644693675137
1.0254062714579995
41.651026169222554
109.42549782558937
179.05546654459448
200.24719615472648
134.13290608072023
3.1738765545128556
-116.94514381628137
-166.94590676737621
-143.9963378347448
-92.82368200198367
-55.81139848935683
-40.96742198825055
-39.69787136644541
-38.42832074464027
-29.63912413214313
-14.892805371175708
-0.43945983062485694
5.615320057984283
6.201266498817426
5.615320057984283
6.982528419928283
13.037308308537423
19.775692378118563
25.830472266727703
31.396963454642556
35.010299839780274
35.4009308003357
31.00633249408713
26.61173418783856
22.998397802700847
19.48271915770199
19.58037689784085
21.63118944075685
24.4632639047837
26.61173418783856
26.709391927977418
25.732814526588847
23.87731746395056
26.318760967421987
31.68993667505913
34.131380178530556
33.252460517280845
29.346150911726557
24.65857938506142
18.799114976729992
11.47478446631571
3.36919203479057
-7.568474860761425
-17.724879835202564
-25.24452582589456
-31.885252155336843
-37.84237430380713
-44.97138933394369
-50.53788052185855
-52.10040436408026
-50.73319600213626
-48.877698939497975
-48.877698939497975
-46.533913176165406
-41.5533684290837
-35.20561532005799
-25.732814526588847
-17.52956435492485
-13.330281528953995
-13.13496604867628
-13.81857022964828
-12.646677347981994
-12.45136186770428
-11.181811245899137
-9.71694514381628
-10.10757610437171
-9.912260624093996
-9.71694514381628
-8.44739452201114
-6.39658197909514
-4.638742656595713
-2.0996414129854277
-0.6347753109025711
1.6113527122911422
3.9551384756237127
5.71297779812314
10.400549324788281
13.916227969787137
12.84199282825971
7.080186160067139
1.0254062714579995
-0.6347753109025711
-0.04882887006942855
3.9551384756237127
9.912260624093996
14.404516670481422
18.21316853589685
20.068665598535134
22.705424582284277
26.61173418783856
28.564888990615703
24.853894865339132
12.549019607843137
-0.537117570763714
-9.619287403677424
-16.943617914091707
-24.072632944228275
-33.252460517280845
-39.79552910658427
-40.57679102769512
-36.182192721446555
-30.420386053253985
-29.9320973525597
-31.787594415197987
-31.396963454642556
-27.002365148393988
-16.260013733119706
2.2949568932631417
41.065079728389414
108.74189364461738
186.7704280155642
222.3178454261082
162.35599298084992
19.48271915770199
-130.5195696955825
-212.35675593194478
-205.13008316166935
-146.34012359807735
-81.69069962615396
-36.86579690241855
-13.427939269092851
-2.0996414129854277
1.9043259327077133
4.638742656595713
7.080186160067139
8.349736781872283
10.400549324788281
11.279468986037996
13.330281528953995
18.40848401617456
24.756237125200276
28.564888990615703
26.025787747005417
21.92416266117342
17.724879835202564
12.939650568398566
11.279468986037996
13.037308308537423
18.310826276035705
23.682001983672848
26.123445487144274
25.342183566033416
20.55695429922942
17.236591134508277
17.334248874647134
19.971007858396277
25.830472266727703
30.029755092698558
31.494621194781413
31.787594415197987
33.93606469825284
37.74471656366827
36.27985046158541
28.857862211032273
16.943617914091707
3.2715342946517127
-7.763790341039139
-16.84596017395285
-22.803082322423133
-26.807049668116274
-30.029755092698558
-31.68993667505913
-32.86182955672541
-31.00633249408713
-28.564888990615703
-29.150835431448844
-31.00633249408713
-32.86182955672541
-30.615701533531702
-24.17029068436713
-16.84596017395285
-11.47478446631571
-10.693522545204852
-9.42397192339971
-7.470817120622568
-7.861448081177996
-9.033340962844282
-10.302891584649425
-8.642710002288853
-5.127031357289998
-2.2949568932631417
0.04882887006942855
1.3183794918745708
4.638742656595713
7.959105821316854
7.470817120622568
5.420004577706569
3.662165255207141
5.615320057984283
10.595864805065995
14.990463111314565
14.599832150759136
5.908293278400855
-3.662165255207141
-7.080186160067139
-2.197299153124285
9.130998702983138
18.506141756313422
23.19371328297856
24.95155260547799
28.467231250476843
34.717326619363696
37.35408560311284
35.69390402075227
30.615701533531702
23.291371023117417
16.45532921339742
8.838025482566568
1.9043259327077133
-5.127031357289998
-13.916227969787137
-24.267948424505988
-36.768139162279695
-45.45967803463798
-48.78004119935912
-46.63157091630426
-37.64705882352941
-27.002365148393988
-18.701457236591136
-14.11154345006485
-6.6895551995117115
16.064698252841993
64.50293736171511
139.6017395284962
206.49729152361334
204.73945220111392
105.12855725947966
-50.73319600213626
-173.68429083695736
-206.69260700389106
-161.4770733196002
-90.67521171892882
-40.86976424811169
-21.338216220340275
-22.314793621728846
-29.2484931715877
-29.443808651865414
-22.60776684214542
-12.158388647287708
-2.68558785381857
3.8574807354848555
7.959105821316854
8.74036774242771
10.400549324788281
12.256046387426567
13.232623788815136
15.771725032425422
18.506141756313422
21.045242999923705
22.412451361867703
22.90074006256199
23.48668650339513
22.314793621728846
22.510109102006563
23.58434424353399
23.779659723811704
25.439841306172273
28.076600289921416
32.27588311589227
36.57282368200198
40.08850232700084
41.651026169222554
37.64705882352941
32.764171816586554
29.541466392004274
27.295338368810558
25.24452582589456
20.361638818951704
14.013885709925994
6.494239719233997
-0.24414435034714274
-6.005951018539712
-14.11154345006485
-22.510109102006563
-30.908674753948272
-38.42832074464027
-41.065079728389414
-40.479133287556266
-38.03768978408484
-36.86579690241855
-35.79156176089113
-31.68993667505913
-26.514076447699704
-20.263981078812847
-16.357671473258563
-15.185778591592278
-11.572442206454566
-6.494239719233997
-0.9277485313191425
2.783245593957427
4.834058136873426
4.638742656595713
-0.24414435034714274
-4.834058136873426
-6.103608758678568
-3.1738765545128556
3.7598229953459983
8.838025482566568
9.71694514381628
6.39658197909514
2.5879301136797133
0.14648661020828566
-3.7598229953459983
-6.787212939650568
-8.154421301594567
-7.959105821316854
-3.9551384756237127
1.7090104524299992
8.44739452201114
13.916227969787137
18.506141756313422
22.510109102006563
22.90074006256199
23.291371023117417
25.049210345616846
26.709391927977418
26.416418707560844
21.533531700617992
15.674067292286564
10.595864805065995
5.517662317845426
-1.3183794918745708
-12.158388647287708
-22.119478141451133
-30.322728313115128
-37.35408560311284
-40.38147554741741
-39.014267185473415
-31.787594415197987
-22.021820401312276
-14.599832150759136
-12.939650568398566
-18.017853055619135
-19.18974593728542
-5.517662317845426
34.61966887922484
108.2536049439231
190.38376440070192
224.95460440985732
161.86770428015564
17.236591134508277
-127.49217975127794
-198.00106813153278
-178.0788891432059
-112.5505455100328
-53.56527046616312
-21.728847180895706
-14.209201190203707
-15.381094071869994
-14.013885709925994
-7.177843900205997
0.04882887006942855
1.513694972152285
1.513694972152285
2.0019836728465705
3.7598229953459983
9.326314183260854
15.771725032425422
22.021820401312276
26.807049668116274
31.396963454642556
35.10795757991913
33.252460517280845
28.174258030060273
20.361638818951704
11.279468986037996
5.517662317845426
2.68558785381857
2.783245593957427
4.443427176317998
9.228656443121995
17.041275654230564
22.998397802700847
28.369573510337986
32.95948729686427
36.0845349813077
38.62363622491798
38.23300526436255
34.61966887922484
27.295338368810558
19.775692378118563
15.869382772564279
13.232623788815136
12.256046387426567
9.912260624093996
2.9785610742351416
-7.373159380483711
-19.58037689784085
-28.95551995117113
-34.52201113908598
-36.37750820172427
-35.889219501029984
-36.57282368200198
-35.4009308003357
-33.44777599755856
-31.68993667505913
-28.467231250476843
-24.853894865339132
-19.287403677424276
-12.158388647287708
-4.736400396734569
-0.14648661020828566
-1.8066681925688564
-3.9551384756237127
-4.736400396734569
-4.248111696040284
-1.513694972152285
1.416037232013428
5.127031357289998
8.252079041733426
10.498207064927138
11.572442206454566
9.81460288395514
9.521629663538567
9.71694514381628
7.568474860761425
4.345769436179141
1.1230640115968566
1.1230640115968566
3.2715342946517127
5.71297779812314
6.6895551995117115
4.834058136873426
6.298924238956283
10.888838025482567
14.697489890897993
17.43190661478599
19.385061417563133
22.803082322423133
24.4632639047837
22.21713588158999
15.576409552147707
3.5645075150682843
-8.252079041733426
-18.701457236591136
-27.392996108949415
-33.05714503700313
-37.15877012283513
-38.1353475242237
-36.86579690241855
-33.252460517280845
-28.076600289921416
-23.87731746395056
-18.701457236591136
-15.674067292286564
-16.16235599298085
-14.013885709925994
-2.0019836728465705
31.2993057145037
92.14007782101167
167.6295109483482
210.98954757000075
167.33653772793164
39.20958266575113
-104.73792629892424
-185.20790417334248
-177.10231174181735
-118.99595635919738
-61.182574196993976
-30.127412832837415
-22.021820401312276
-23.48668650339513
-26.318760967421987
-23.389028763256274
-17.334248874647134
-11.963073167009995
-6.298924238956283
-1.6113527122911422
3.1738765545128556
7.568474860761425
11.377126726176853
13.232623788815136
10.009918364232853
6.201266498817426
3.8574807354848555
4.052796215762569
8.74036774242771
15.283436331731137
21.728847180895706
25.732814526588847
28.564888990615703
31.2993057145037
32.08056763561456
34.424353398947126
37.94003204394598
41.358052948805984
45.16670481422141
47.90112153810941
50.14724956130312
48.97535667963683
43.89715419241627
35.596246280613414
23.19371328297856
12.158388647287708
4.052796215762569
-2.392614633401999
-8.252079041733426
-14.990463111314565
-21.14290074006256
-27.881284809643702
-34.52201113908598
-39.79552910658427
-44.873731593804834
-46.43625543602655
-46.240939955748836
-45.362020294499125
-42.236972610055695
-37.74471656366827
-30.127412832837415
-20.752269779507134
-11.47478446631571
-6.005951018539712
-6.787212939650568
-7.275501640344854
-5.420004577706569
-1.6113527122911422
4.345769436179141
8.74036774242771
11.572442206454566
12.646677347981994
13.916227969787137
13.81857022964828
8.935683222705425
4.345769436179141
1.2207217517357138
-0.43945983062485694
-0.7324330510414282
-2.490272373540856
-5.224689097428855
-8.74036774242771
-10.10757610437171
-9.81460288395514
-11.865415426871138
-12.939650568398566
-11.279468986037996
-4.443427176317998
8.44739452201114
21.728847180895706
31.103990234225986
35.4009308003357
38.818951705195694
40.96742198825055
34.717326619363696
21.728847180895706
6.39658197909514
-6.103608758678568
-13.916227969787137
-20.55695429922942
-27.100022888532845
-35.4009308003357
-43.311207751583126
-48.48706797894255
-51.709773403524835
-49.658960860608836
-44.28778515297169
-36.96345464255741
-27.002365148393988
-18.506141756313422
-13.13496604867628
-8.935683222705425
6.298924238956283
46.533913176165406
110.59739070725567
174.36789501792936
187.94232089723047
117.82406347753108
-11.377126726176853
-128.37109941252766
-173.29365987640193
-148.0979629205768
-94.48386358434425
-52.49103532463569
-37.256427862973986
-36.37750820172427
-37.64705882352941
-34.61966887922484
-25.92813000686656
-15.283436331731137
-3.8574807354848555
4.248111696040284
8.252079041733426
8.154421301594567
4.736400396734569
5.0293736171511405
9.42397192339971
16.16235599298085
23.58434424353399
27.783627069504846
28.760204470893417
27.100022888532845
26.416418707560844
26.709391927977418
24.560921644922562
22.60776684214542
20.84992751964599
20.84992751964599
24.95155260547799
31.396963454642556
38.818951705195694
44.09246967269398
47.90112153810941
49.365987640192266
44.48310063324941
36.768139162279695
27.100022888532845
16.748302433813993
8.05676356145571
1.7090104524299992
-2.0996414129854277
-8.44739452201114
-17.334248874647134
-26.025787747005417
-34.91264209964141
-41.16273746852827
-46.33859769588769
-50.44022278171969
-52.002746623941405
-51.123826962691695
-45.947966735332265
-38.62363622491798
-29.346150911726557
-19.775692378118563
-13.720912489509422
-8.935683222705425
-6.005951018539712
-4.248111696040284
-1.8066681925688564
0.24414435034714274
3.2715342946517127
6.201266498817426
10.10757610437171
14.306858930342566
15.088120851453422
14.599832150759136
11.865415426871138
7.959105821316854
6.103608758678568
6.005951018539712
7.470817120622568
7.275501640344854
6.298924238956283
4.931715877012284
1.416037232013428
-0.34180209048599985
-1.0254062714579995
-1.2207217517357138
0.04882887006942855
2.490272373540856
7.373159380483711
12.549019607843137
18.506141756313422
25.439841306172273
31.103990234225986
37.06111238269627
39.79552910658427
36.67048142214084
28.857862211032273
18.017853055619135
7.568474860761425
-3.076218814373999
-11.47478446631571
-17.43190661478599
-25.049210345616846
-32.37354085603113
-38.818951705195694
-41.358052948805984
-38.23300526436255
-32.56885633630884
-25.830472266727703
-20.45929655909056
-15.088120851453422
-9.42397192339971
-2.0996414129854277
20.068665598535134
67.92095826657511
133.44930189974824
178.46952010376134
156.78950179293508
61.67086289768826
-61.475547417410546
-143.3127336537728
-151.5159838254368
-111.08567940794995
-62.9404135194934
-34.81498435950255
-26.90470740825513
-26.025787747005417
-24.365606164644845
-18.506141756313422
-11.279468986037996
-4.248111696040284
-0.7324330510414282
-3.36919203479057
-5.517662317845426
-3.9551384756237127
2.5879301136797133
13.427939269092851
24.560921644922562
35.010299839780274
42.04165712977798
45.069047074082555
41.651026169222554
30.322728313115128
19.678034637979707
14.209201190203707
15.47875181200885
20.947585259784848
25.049210345616846
26.807049668116274
26.807049668116274
30.127412832837415
36.768139162279695
40.86976424811169
41.84634164950027
38.03768978408484
30.420386053253985
22.314793621728846
16.357671473258563
15.381094071869994
14.990463111314565
13.81857022964828
9.619287403677424
-1.1230640115968566
-15.576409552147707
-31.592278934920273
-44.580758373388264
-50.53788052185855
-50.24490730144198
-46.63157091630426
-45.45967803463798
-44.77607385366598
-41.651026169222554
-36.27985046158541
-27.392996108949415
-20.068665598535134
-16.45532921339742
-13.232623788815136
-8.44739452201114
-1.3183794918745708
3.7598229953459983
6.884870679789426
7.470817120622568
5.224689097428855
5.517662317845426
7.373159380483711
8.05676356145571
6.787212939650568
3.8574807354848555
2.2949568932631417
1.513694972152285
2.490272373540856
3.466849774929427
1.1230640115968566
-1.416037232013428
-3.9551384756237127
-4.638742656595713
-1.9043259327077133
2.0019836728465705
5.420004577706569
5.810635538261997
7.275501640344854
11.279468986037996
14.599832150759136
17.82253757534142
19.775692378118563
22.803082322423133
28.467231250476843
33.252460517280845
33.545433737697415
25.537499046311133
13.623254749370565
1.513694972152285
-10.693522545204852
-19.678034637979707
-27.68596932936599
-36.27985046158541
-44.38544289311055
-49.17067215991455
-47.51049057755398
-42.92057679102769
-37.256427862973986
-32.86182955672541
-31.494621194781413
-28.27191577019913
-20.361638818951704
-0.14648661020828566
43.50652323186084
111.28099488822767
175.93041886015106
185.50087739375905
112.74586099031052
-13.525597009231708
-126.80857557030595
-171.7311360341802
-148.68390936140995
-95.36278324559396
-48.19409475852598
-22.998397802700847
-14.892805371175708
-15.47875181200885
-15.283436331731137
-12.84199282825971
-10.400549324788281
-4.834058136873426
3.1738765545128556
12.84199282825971
22.21713588158999
27.1976806286717
27.002365148393988
22.510109102006563
18.799114976729992
16.45532921339742
12.158388647287708
8.935683222705425
6.787212939650568
6.591897459372854
9.228656443121995
13.427939269092851
18.994430457007706
22.705424582284277
25.439841306172273
26.807049668116274
25.342183566033416
27.1976806286717
34.0337224383917
45.55733577477684
59.13176165407798
70.16708628976883
73.58510719462882
63.6240177004654
46.533913176165406
30.71335927367056
14.990463111314565
-0.9277485313191425
-15.869382772564279
-25.049210345616846
-29.150835431448844
-34.32669565880827
-42.822919050888835
-56.006713969634546
-68.99519340810254
-79.83520256351568
-87.55016403448539
-87.45250629434653
-81.78835736629281
-72.12024109254597
-58.74113069352254
-43.604180971999696
-27.68596932936599
-15.088120851453422
-6.201266498817426
-2.68558785381857
-2.392614633401999
7.861448081177996
36.37750820172427
85.49935149156939
143.60570687418937
176.22339208056763
146.2424658579385
50.04959182116426
-59.32707713435569
-121.14442664225223
-122.99992370489052
-96.72999160753795
-79.73754482337682
-75.53826199740597
-69.19050888838025
-55.420767528801406
-39.40489814602884
-27.881284809643702
-18.017853055619135
-8.74036774242771
-0.14648661020828566
10.79118028534371
19.775692378118563
25.049210345616846
29.2484931715877
33.05714503700313
36.0845349813077
35.79156176089113
34.61966887922484
32.08056763561456
27.100022888532845
25.146868085755703
25.92813000686656
28.857862211032273
31.494621194781413
29.736781872281988
23.682001983672848
16.943617914091707
17.041275654230564
21.338216220340275
21.045242999923705
16.16235599298085
8.642710002288853
3.1738765545128556
2.0019836728465705
4.443427176317998
8.642710002288853
8.838025482566568
4.736400396734569
-2.9785610742351416
-12.939650568398566
-18.60379949645228
-19.48271915770199
-16.650644693675137
-13.81857022964828
-14.697489890897993
-18.017853055619135
-21.728847180895706
-20.947585259784848
-18.60379949645228
-20.654612039368278
-23.682001983672848
-24.65857938506142
-20.263981078812847
-11.865415426871138
-4.931715877012284
-1.416037232013428
-2.0019836728465705
-2.0019836728465705
-0.8300907911802854
-0.43945983062485694
1.6113527122911422
4.248111696040284
8.252079041733426
13.037308308537423
15.283436331731137
14.11154345006485
8.935683222705425
5.420004577706569
3.7598229953459983
0.537117570763714
-2.783245593957427
-6.6895551995117115
-7.666132600900283
-3.662165255207141
2.2949568932631417
6.6895551995117115
5.517662317845426
2.783245593957427
-0.8300907911802854
-6.982528419928283
-12.158388647287708
-16.16235599298085
-17.041275654230564
-13.916227969787137
-8.642710002288853
-2.9785610742351416
-0.14648661020828566
2.5879301136797133
4.150453955901427
0.9277485313191425
-3.36919203479057
-7.080186160067139
-6.298924238956283
-0.24414435034714274
6.982528419928283
10.79118028534371
7.373159380483711
3.076218814373999
1.8066681925688564
2.0996414129854277
4.052796215762569
3.5645075150682843
0.537117570763714
-2.783245593957427
-4.638742656595713
-5.127031357289998
-8.252079041733426
-11.181811245899137
-13.037308308537423
-15.869382772564279
-16.84596017395285
-16.16235599298085
-14.11154345006485
-13.330281528953995
-14.11154345006485
-12.939650568398566
-9.912260624093996
-2.5879301136797133
5.908293278400855
9.42397192339971
8.252079041733426
3.2715342946517127
-1.3183794918745708
-4.736400396734569
-6.6895551995117115
-5.322346837567712
-3.076218814373999
1.8066681925688564
7.275501640344854
9.033340962844282
11.670099946593423
23.291371023117417
57.95986877241169
119.67956054016938
187.16105897611962
213.33333333333334
152.59021896696422
18.40848401617456
-118.80064087891967
-189.79781795986878
-176.80933852140078
-118.5076676585031
-61.182574196993976
-27.68596932936599
-15.967040512703136
-14.795147631036851
-18.310826276035705
-19.87335011825742
-18.89677271686885
-18.017853055619135
-14.404516670481422
-8.74036774242771
-0.537117570763714
8.838025482566568
16.55298695353628
20.16632333867399
16.84596017395285
12.353704127565424
9.71694514381628
7.666132600900283
8.05676356145571
9.326314183260854
10.498207064927138
10.009918364232853
7.666132600900283
5.420004577706569
1.8066681925688564
1.1230640115968566
4.052796215762569
8.642710002288853
16.45532921339742
25.830472266727703
35.10795757991913
41.45571068894484
43.79949645227741
43.21355001144427
37.74471656366827
31.103990234225986
25.342183566033416
19.971007858396277
16.45532921339742
12.939650568398566
8.838025482566568
3.076218814373999
-3.36919203479057
-9.033340962844282
-16.55298695353628
-23.48668650339513
-29.346150911726557
-35.49858854047456
-39.20958266575113
-40.479133287556266
-37.4517433432517
-31.396963454642556
-25.439841306172273
-21.045242999923705
-19.87335011825742
-17.041275654230564
-11.963073167009995
-6.39658197909514
0.537117570763714
5.908293278400855
8.44739452201114
8.154421301594567
6.494239719233997
5.420004577706569
2.9785610742351416
2.2949568932631417
2.490272373540856
1.2207217517357138
0.7324330510414282
1.2207217517357138
4.443427176317998
9.619287403677424
14.306858930342566
16.16235599298085
12.256046387426567
7.177843900205997
2.8809033340962844
-0.537117570763714
-0.04882887006942855
2.2949568932631417
5.908293278400855
9.521629663538567
12.549019607843137
14.306858930342566
11.47478446631571
7.861448081177996
4.931715877012284
1.416037232013428
-0.43945983062485694
-2.0019836728465705
-2.5879301136797133
-2.0019836728465705
-0.14648661020828566
2.490272373540856
2.8809033340962844
3.9551384756237127
5.908293278400855
8.154421301594567
13.427939269092851
20.55695429922942
27.588311589227132
29.541466392004274
23.48668650339513
10.400549324788281
-8.74036774242771
-25.830472266727703
-36.67048142214084
-42.822919050888835
-45.16670481422141
-46.240939955748836
-43.018234531166556
-34.424353398947126
-23.58434424353399
-16.260013733119706
-17.43190661478599
-18.40848401617456
-7.373159380483711
26.709391927977418
89.1126878767071
156.59418631265737
181.88754100862135
124.8554207675288
1.416037232013428
-118.80064087891967
-174.9538414587625
-155.03166247043563
-97.70656900892652
-48.38941023880369
-23.779659723811704
-18.40848401617456
-15.674067292286564
-6.298924238956283
7.177843900205997
16.748302433813993
14.892805371175708
7.568474860761425
0.8300907911802854
-2.2949568932631417
1.0254062714579995
7.080186160067139
12.84199282825971
16.064698252841993
17.13893339436942
18.017853055619135
17.13893339436942
17.43190661478599
18.017853055619135
17.724879835202564
19.48271915770199
22.21713588158999
25.24452582589456
27.68596932936599
29.541466392004274
30.71335927367056
28.174258030060273
26.123445487144274
26.807049668116274
29.150835431448844
33.44777599755856
36.768139162279695
37.74471656366827
34.61966887922484
28.95551995117113
23.291371023117417
14.697489890897993
5.420004577706569
-4.052796215762569
-14.404516670481422
-23.096055542839704
-30.420386053253985
-34.32669565880827
-34.91264209964141
-32.764171816586554
-29.2484931715877
-28.564888990615703
-28.27191577019913
-28.076600289921416
-28.857862211032273
-28.076600289921416
-26.22110322728313
-22.21713588158999
-18.506141756313422
-17.334248874647134
-17.724879835202564
-18.21316853589685
-14.013885709925994
-7.568474860761425
-2.392614633401999
2.8809033340962844
6.494239719233997
8.05676356145571
6.884870679789426
4.150453955901427
2.2949568932631417
2.2949568932631417
8.349736781872283
16.55298695353628
19.87335011825742
18.310826276035705
12.549019607843137
7.275501640344854
3.9551384756237127
2.0019836728465705
-0.04882887006942855
-4.834058136873426
-6.591897459372854
-4.638742656595713
-1.416037232013428
3.36919203479057
7.959105821316854
12.060730907148852
14.404516670481422
17.13893339436942
22.90074006256199
27.881284809643702
30.322728313115128
27.392996108949415
20.752269779507134
15.283436331731137
8.545052262149996
0.04882887006942855
-9.326314183260854
-17.041275654230564
-24.365606164644845
-35.10795757991913
-44.28778515297169
-48.19409475852598
-45.55733577477684
-35.889219501029984
-25.342183566033416
-17.920195315480278
-14.795147631036851
-10.205233844510566
5.908293278400855
43.21355001144427
109.62081330586709
181.20393682764936
202.29800869764247
132.27740901808195
-6.494239719233997
-133.93759060044252
-185.5985351338979
-160.01220721751736
-103.56603341725796
-61.96383611810483
-43.21355001144427
-38.03768978408484
-35.4009308003357
-27.68596932936599
-16.943617914091707
-5.224689097428855
4.638742656595713
11.279468986037996
13.427939269092851
9.81460288395514
6.298924238956283
4.248111696040284
2.9785610742351416
5.127031357289998
9.130998702983138
14.306858930342566
18.21316853589685
20.752269779507134
22.119478141451133
19.971007858396277
18.11551079575799
17.041275654230564
15.771725032425422
15.771725032425422
16.45532921339742
19.678034637979707
25.439841306172273
31.885252155336843
34.52201113908598
29.541466392004274
25.24452582589456
25.63515678644999
27.002365148393988
25.830472266727703
21.338216220340275
17.43190661478599
13.916227969787137
9.81460288395514
3.2715342946517127
-9.130998702983138
-22.412451361867703
-33.3501182574197
-41.065079728389414
-44.48310063324941
-46.14328221560998
-45.654993514915695
-43.89715419241627
-39.893186846723125
-33.64309147783627
-28.369573510337986
-21.533531700617992
-14.795147631036851
-11.572442206454566
-11.47478446631571
-13.623254749370565
-13.330281528953995
-9.71694514381628
-3.662165255207141
2.197299153124285
4.052796215762569
5.224689097428855
5.615320057984283
4.541084916456855
4.638742656595713
6.201266498817426
9.521629663538567
10.302891584649425
7.373159380483711
2.5879301136797133
-2.783245593957427
-3.1738765545128556
-0.24414435034714274
1.2207217517357138
0.24414435034714274
-3.36919203479057
-6.005951018539712
-5.908293278400855
-1.8066681925688564
3.8574807354848555
6.103608758678568
9.71694514381628
16.748302433813993
24.853894865339132
31.68993667505913
34.22903791866941
34.131380178530556
31.201647974364842
25.146868085755703
13.720912489509422
-6.591897459372854
-30.22507057297627
-50.34256504158083
-61.86617837796597
-62.2568093385214
-55.03013656824598
-43.11589227130541
-32.37354085603113
-24.65857938506142
-19.971007858396277
-19.48271915770199
-15.185778591592278
3.2715342946517127
47.90112153810941
122.21866178377967
197.90341039139392
220.2670328831922
144.09399557488365
-8.935683222705425
-157.1801327534905
-228.4702830548562
-208.25513084611276
-139.4064240482185
-72.12024109254597
-29.346150911726557
-11.279468986037996
-6.005951018539712
-6.005951018539712
-6.298924238956283
-5.0293736171511405
-3.36919203479057
2.5879301136797133
11.08415350576028
18.017853055619135
22.412451361867703
23.19371328297856
22.705424582284277
21.14290074006256
20.263981078812847
21.14290074006256
22.412451361867703
26.318760967421987
29.2484931715877
28.760204470893417
27.49065384908827
26.709391927977418
27.588311589227132
27.49065384908827
27.100022888532845
27.588311589227132
27.1976806286717
28.369573510337986
30.615701533531702
33.15480277714199
36.27985046158541
37.549401083390556
37.4517433432517
34.61966887922484
29.443808651865414
22.021820401312276
10.302891584649425
-0.9277485313191425
-10.498207064927138
-19.48271915770199
-27.68596932936599
-35.303273060196844
-39.40489814602884
-41.16273746852827
-40.86976424811169
-38.72129396505684
-37.15877012283513
-33.545433737697415
-29.834439612420844
-27.68596932936599
-26.025787747005417
-24.365606164644845
-19.287403677424276
-12.060730907148852
-4.834058136873426
-0.6347753109025711
-2.490272373540856
-4.834058136873426
-4.931715877012284
-2.490272373540856
2.9785610742351416
8.05676356145571
11.377126726176853
11.08415350576028
9.619287403677424
9.228656443121995
8.154421301594567
9.033340962844282
9.912260624093996
8.545052262149996
5.71297779812314
2.68558785381857
2.783245593957427
4.736400396734569
7.373159380483711
8.545052262149996
5.127031357289998
2.2949568932631417
2.68558785381857
7.959105821316854
18.506141756313422
30.127412832837415
39.11192492561227
40.38147554741741
35.79156176089113
29.2484931715877
20.16632333867399
10.693522545204852
0.04882887006942855
-12.060730907148852
-24.365606164644845
-36.67048142214084
-44.580758373388264
-47.31517509727627
-44.38544289311055
-37.549401083390556
-32.27588311589227
-27.783627069504846
-25.146868085755703
-22.90074006256199
-13.037308308537423
14.209201190203707
69.67879758907453
144.48462653543908
202.78629739833676
194.19241626611733
95.16746776531625
-49.26832990005341
-159.2309452964065
-186.47745479514762
-146.14480811779964
-87.94079499504082
-46.63157091630426
-29.736781872281988
-25.24452582589456
-21.533531700617992
-15.967040512703136
-6.884870679789426
1.1230640115968566
6.6895551995117115
11.767757686732281
15.47875181200885
18.21316853589685
18.701457236591136
17.52956435492485
14.50217441062028
8.642710002288853
6.298924238956283
8.838025482566568
14.990463111314565
23.096055542839704
28.564888990615703
31.494621194781413
32.178225375753414
33.64309147783627
35.69390402075227
34.81498435950255
33.93606469825284
34.32669565880827
36.96345464255741
43.018234531166556
51.90508888380255
63.6240177004654
72.90150301365682
76.8078126192111
73.19447623407339
59.62005035477226
43.21355001144427
29.63912413214313
17.627222095063708
4.150453955901427
-10.888838025482567
-23.87731746395056
-37.549401083390556
-52.97932402532997
-68.79987792782482
-84.22980086976425
-94.97215228503853
-100.24567025253681
-97.51125352864881
-85.88998245212481
-71.33897917143511
-58.74113069352254
-50.928511482413974
-44.77607385366598
-39.11192492561227
-35.79156176089113
-31.494621194781413
-25.63515678644999
-12.84199282825971
16.55298695353628
67.33501182574197
132.66803997863738
182.6688029297322
179.2507820248722
104.24963759822995
-16.064698252841993
-116.84748607614252
-153.0785076676585
-131.10551613641564
-88.4290836957351
-57.95986877241169
-45.45967803463798
-43.40886549172198
-41.16273746852827
-35.889219501029984
-30.71335927367056
-23.682001983672848
-15.47875181200885
-5.810635538261997
5.420004577706569
14.990463111314565
22.803082322423133
28.27191577019913
33.3501182574197
36.86579690241855
35.596246280613414
33.64309147783627
32.178225375753414
32.08056763561456
34.424353398947126
38.1353475242237
43.70183871213855
48.19409475852598
50.24490730144198
47.60814831769284
39.014267185473415
30.811017013809415
26.22110322728313
23.974975204089418
20.45929655909056
12.256046387426567
2.68558785381857
-4.150453955901427
-5.127031357289998
-3.1738765545128556
-5.420004577706569
-10.498207064927138
-17.43190661478599
-24.365606164644845
-29.9320973525597
-33.838406958113985
-33.838406958113985
-31.396963454642556
-26.318760967421987
-19.58037689784085
-15.088120851453422
-11.670099946593423
-10.400549324788281
-9.033340962844282
-4.736400396734569
-0.7324330510414282
0.8300907911802854
-0.9277485313191425
-2.783245593957427
-3.2715342946517127
-3.36919203479057
0.7324330510414282
5.615320057984283
7.177843900205997
6.005951018539712
3.662165255207141
1.513694972152285
-2.5879301136797133
-6.39658197909514
-8.05676356145571
-10.693522545204852
-13.037308308537423
-14.892805371175708
-13.330281528953995
-7.666132600900283
-3.2715342946517127
-2.2949568932631417
-5.0293736171511405
-5.615320057984283
-3.076218814373999
-2.9785610742351416
-5.420004577706569
-9.42397192339971
-9.619287403677424
-3.076218814373999
5.127031357289998
9.81460288395514
7.080186160067139
1.513694972152285
-1.7090104524299992
-2.783245593957427
-0.34180209048599985
1.3183794918745708
1.0254062714579995
0.24414435034714274
-0.7324330510414282
-1.2207217517357138
-2.197299153124285
-1.1230640115968566
2.0019836728465705
3.2715342946517127
3.9551384756237127
3.9551384756237127
4.931715877012284
8.252079041733426
11.377126726176853
11.963073167009995
6.201266498817426
-2.5879301136797133
-10.400549324788281
-16.16235599298085
-16.748302433813993
-15.283436331731137
-12.549019607843137
-5.322346837567712
5.71297779812314
16.84596017395285
19.971007858396277
16.748302433813993
11.670099946593423
5.908293278400855
2.0996414129854277
-0.9277485313191425
-1.7090104524299992
1.513694972152285
5.908293278400855
6.591897459372854
-1.0254062714579995
-9.42397192339971
-3.9551384756237127
27.68596932936599
94.67917906462196
180.12970168612193
234.1344319829099
200.54016937514305
71.72961013199054
-89.60097657740138
-202.59098191805904
-223.1967650873579
-172.0241092545968
-103.4683756771191
-53.760585946440834
-32.56885633630884
-28.076600289921416
-24.560921644922562
-16.357671473258563
-4.443427176317998
4.834058136873426
10.302891584649425
11.181811245899137
6.787212939650568
3.2715342946517127
2.197299153124285
3.2715342946517127
5.322346837567712
6.103608758678568
5.908293278400855
3.8574807354848555
3.2715342946517127
5.71297779812314
8.44739452201114
12.74433508812085
15.967040512703136
17.724879835202564
19.287403677424276
21.14290074006256
24.17029068436713
25.63515678644999
26.807049668116274
27.881284809643702
26.61173418783856
26.709391927977418
28.076600289921416
28.760204470893417
26.318760967421987
20.45929655909056
14.795147631036851
8.642710002288853
4.248111696040284
1.3183794918745708
-3.7598229953459983
-9.130998702983138
-14.599832150759136
-19.287403677424276
-24.560921644922562
-31.2993057145037
-35.98687724116884
-36.57282368200198
-31.2993057145037
-24.95155260547799
-23.682001983672848
-24.17029068436713
-24.072632944228275
-21.728847180895706
-17.82253757534142
-13.720912489509422
-7.470817120622568
-1.0254062714579995
4.638742656595713
6.6895551995117115
3.1738765545128556
0.6347753109025711
0.537117570763714
1.1230640115968566
0.7324330510414282
-0.34180209048599985
0.537117570763714
1.416037232013428
1.7090104524299992
0.14648661020828566
-3.5645075150682843
-4.052796215762569
-1.8066681925688564
0.9277485313191425
2.783245593957427
3.2715342946517127
4.248111696040284
3.8574807354848555
3.1738765545128556
1.2207217517357138
-4.345769436179141
-9.71694514381628
-12.646677347981994
-11.279468986037996
-6.201266498817426
-1.3183794918745708
1.1230640115968566
-1.416037232013428
-4.541084916456855
-5.322346837567712
-5.71297779812314
-4.931715877012284
-5.420004577706569
-6.39658197909514
-5.517662317845426
-2.5879301136797133
1.416037232013428
2.68558785381857
3.5645075150682843
6.005951018539712
7.275501640344854
7.470817120622568
4.931715877012284
2.197299153124285
2.0019836728465705
3.36919203479057
4.248111696040284
1.8066681925688564
0.43945983062485694
2.8809033340962844
6.494239719233997
11.47478446631571
17.334248874647134
31.00633249408713
63.72167544060426
123.68352788586252
201.22377355611505
246.24399176012818
225.63820859082932
160.89112687876707
66.26077668421455
-41.74868390936141
-115.38261997405966
-127.39452201113909
-98.09719996948196
-66.84672312504769
-57.764553292133975
-64.9912260624094
-71.1436636911574
-75.83123521782254
-80.71412222476539
-79.83520256351568
-78.76096742198825
-80.81177996490425
-80.61646448462653
-77.19844357976653
-71.43663691157397
-62.64744029907683
-48.291752498664835
-34.0337224383917
-21.92416266117342
-6.494239719233997
8.642710002288853
22.705424582284277
38.72129396505684
53.66292820630198
64.60059510185397
72.41321431296254
81.00709544518196
87.84313725490196
92.14007782101167
98.58548867017625
104.05432211795224
108.05828946364538
113.52712291142137
116.94514381628137
110.20675974670024
88.4290836957351
60.2059967956054
33.05714503700313
7.666132600900283
-12.549019607843137
-29.443808651865414
-45.55733577477684
-62.9404135194934
-80.61646448462653
-94.77683680476082
-103.95666437781338
-106.00747692072939
-103.27306019684139
-97.3159380483711
-85.59700923170824
-72.99916075379568
-61.5732051575494
-49.951934081025406
-40.67444876783398
-35.303273060196844
-33.252460517280845
-29.443808651865414
-23.779659723811704
-17.724879835202564
-9.71694514381628
-4.931715877012284
-4.443427176317998
-4.443427176317998
-3.466849774929427
-2.2949568932631417
-3.9551384756237127
-5.810635538261997
-7.470817120622568
-8.838025482566568
-5.908293278400855
-2.197299153124285
0.43945983062485694
3.7598229953459983
7.275501640344854
9.81460288395514
9.130998702983138
8.935683222705425
8.935683222705425
6.591897459372854
4.248111696040284
1.3183794918745708
-0.14648661020828566
1.513694972152285
5.615320057984283
10.498207064927138
12.74433508812085
14.209201190203707
14.697489890897993
15.088120851453422
20.263981078812847
26.90470740825513
32.95948729686427
39.5025558861677
46.43625543602655
51.02616922255284
47.11985961699855
37.4517433432517
24.95155260547799
10.79118028534371
-2.0019836728465705
-14.209201190203707
-23.779659723811704
-30.908674753948272
-38.33066300450141
-46.240939955748836
-53.17463950560769
-53.95590142671855
-50.24490730144198
-47.21751735713741
-44.28778515297169
-42.92057679102769
-38.818951705195694
-21.92416266117342
19.18974593728542
89.21034561684596
166.94590676737621
209.91531242847333
173.5866330968185
54.932478828107115
-86.37827115281911
-176.3210498207065
-183.3524071107042
-135.40245670252537
-80.81177996490425
-46.63157091630426
-35.10795757991913
-31.885252155336843
-27.588311589227132
-20.947585259784848
-11.865415426871138
-5.322346837567712
-1.0254062714579995
3.076218814373999
6.6895551995117115
8.349736781872283
5.322346837567712
2.2949568932631417
2.392614633401999
5.71297779812314
13.037308308537423
18.994430457007706
23.096055542839704
27.1976806286717
30.518043793392845
30.908674753948272
25.24452582589456
19.385061417563133
17.13893339436942
17.334248874647134
20.84992751964599
24.560921644922562
28.369573510337986
32.56885633630884
35.889219501029984
35.79156176089113
28.174258030060273
17.52956435492485
7.666132600900283
-1.2207217517357138
-6.982528419928283
-10.400549324788281
-10.79118028534371
-10.009918364232853
-10.595864805065995
-12.060730907148852
-15.674067292286564
-17.920195315480278
-17.920195315480278
-16.84596017395285
-12.646677347981994
-6.005951018539712
5.0293736171511405
18.799114976729992
30.029755092698558
35.79156176089113
35.20561532005799
33.3501182574197
31.201647974364842
27.588311589227132
24.853894865339132
21.43587396047913
18.11551079575799
16.260013733119706
16.064698252841993
16.943617914091707
15.283436331731137
13.427939269092851
10.009918364232853
2.0996414129854277
-6.494239719233997
-12.84199282825971
-14.11154345006485
-12.060730907148852
-10.498207064927138
-10.986495765621424
-14.795147631036851
-16.16235599298085
-14.11154345006485
-12.84199282825971
-12.84199282825971
-15.088120851453422
-16.260013733119706
-14.697489890897993
-10.888838025482567
-5.908293278400855
-3.1738765545128556
0.6347753109025711
6.787212939650568
11.08415350576028
11.767757686732281
6.494239719233997
-1.6113527122911422
-10.595864805065995
-18.017853055619135
-20.068665598535134
-18.60379949645228
-14.795147631036851
-11.767757686732281
-9.912260624093996
-5.420004577706569
-1.513694972152285
-0.34180209048599985
-1.513694972152285
-2.490272373540856
-0.6347753109025711
4.443427176317998
22.510109102006563
65.18654154268711
132.1797512779431
203.76287479972532
242.33768215457388
210.30594338902876
103.4683756771191
-23.096055542839704
-108.83955138475623
-142.04318303196766
-141.84786755168994
-134.71885252155337
-133.35164415960938
-134.03524834058138
-132.96101319905395
-124.36713206683451
-107.5700007629511
-88.23376821545739
-69.87411306935225
-55.03013656824598
-40.96742198825055
-28.857862211032273
-19.678034637979707
-11.08415350576028
-4.638742656595713
1.7090104524299992
9.326314183260854
15.967040512703136
20.263981078812847
20.84992751964599
21.14290074006256
20.361638818951704
18.21316853589685
18.89677271686885
20.654612039368278
23.974975204089418
29.150835431448844
35.10795757991913
40.186160067139696
41.74868390936141
43.11589227130541
43.311207751583126
39.69787136644541
35.596246280613414
31.592278934920273
29.443808651865414
27.295338368810558
22.998397802700847
16.84596017395285
7.959105821316854
0.04882887006942855
-7.373159380483711
-17.041275654230564
-26.709391927977418
-36.27985046158541
-43.70183871213855
-48.19409475852598
-49.46364538033112
-47.21751735713741
-45.16670481422141
-41.358052948805984
-35.49858854047456
-28.760204470893417
-19.678034637979707
-11.08415350576028
-3.5645075150682843
1.416037232013428
4.541084916456855
7.568474860761425
8.349736781872283
9.619287403677424
11.47478446631571
12.060730907148852
12.256046387426567
10.693522545204852
10.009918364232853
11.08415350576028
13.330281528953995
15.967040512703136
15.869382772564279
15.869382772564279
16.357671473258563
14.892805371175708
12.353704127565424
7.568474860761425
2.5879301136797133
-1.0254062714579995
-1.7090104524299992
2.197299153124285
7.080186160067139
13.427939269092851
19.678034637979707
23.779659723811704
27.68596932936599
29.834439612420844
29.2484931715877
24.17029068436713
16.064698252841993
7.470817120622568
-3.8574807354848555
-14.892805371175708
-23.974975204089418
-32.08056763561456
-38.1353475242237
-43.11589227130541
-44.28778515297169
-42.13931486991684
-37.4517433432517
-30.908674753948272
-27.1976806286717
-24.365606164644845
-21.14290074006256
-16.650644693675137
-2.8809033340962844
30.615701533531702
91.06584267948425
158.5473411154345
188.43060959792479
142.43381399252308
25.830472266727703
-96.53467612726024
-158.84031433585108
-148.7815671015488
-100.63630121309224
-55.713740749217976
-29.443808651865414
-19.58037689784085
-17.52956435492485
-16.748302433813993
-17.724879835202564
-16.748302433813993
-11.963073167009995
-4.052796215762569
6.884870679789426
18.60379949645228
32.86182955672541
48.97535667963683
63.819333180743115
74.26871137560083
77.4914168001831
77.97970550087739
75.63591973754482
67.82330052643626
57.764553292133975
49.365987640192266
47.31517509727627
50.14724956130312
54.83482108796826
57.56923781185626
53.27229724574655
47.705806057831694
47.31517509727627
51.61211566338598
58.25284199282826
63.03807125963226
66.26077668421455
66.74906538490883
65.96780346379796
65.6748302433814
58.936446173800256
46.826886396581976
36.67048142214084
26.514076447699704
8.252079041733426
-18.799114976729992
-48.48706797894255
-76.22186617837797
-97.3159380483711
-110.10910200656139
-118.01937895780881
-119.97253376058595
-118.5076676585031
-114.30838483253224
-104.24963759822995
-91.94476234073396
-79.15159838254368
-65.77248798352025
-52.39337758449683
-41.16273746852827
-33.64309147783627
-25.049210345616846
-15.771725032425422
-5.615320057984283
6.982528419928283
15.869382772564279
18.701457236591136
17.82253757534142
16.55298695353628
15.381094071869994
13.13496604867628
13.13496604867628
11.963073167009995
7.763790341039139
5.420004577706569
5.0293736171511405
6.298924238956283
7.470817120622568
6.982528419928283
5.0293736171511405
2.0996414129854277
3.36919203479057
6.6895551995117115
9.326314183260854
13.330281528953995
16.84596017395285
19.87335011825742
23.291371023117417
28.174258030060273
32.178225375753414
29.541466392004274
23.19371328297856
14.306858930342566
4.052796215762569
-4.541084916456855
-12.939650568398566
-21.533531700617992
-31.68993667505913
-41.5533684290837
-47.998779278248264
-50.83085374227512
-46.33859769588769
-36.768139162279695
-27.1976806286717
-19.775692378118563
-16.84596017395285
-13.525597009231708
-1.1230640115968566
31.103990234225986
85.79232471198596
140.09002822919052
156.78950179293508
107.76531624322881
7.080186160067139
-90.67521171892882
-138.82047760738536
-128.37109941252766
-88.33142595559625
-50.635538261997404
-30.127412832837415
-26.514076447699704
-27.68596932936599
-27.002365148393988
-22.412451361867703
-13.232623788815136
-3.8574807354848555
4.248111696040284
9.71694514381628
12.84199282825971
13.81857022964828
11.47478446631571
11.181811245899137
13.720912489509422
17.627222095063708
23.291371023117417
27.100022888532845
29.63912413214313
31.787594415197987
34.717326619363696
37.15877012283513
34.717326619363696
31.00633249408713
27.783627069504846
25.830472266727703
27.392996108949415
30.22507057297627
33.44777599755856
35.69390402075227
38.23300526436255
41.16273746852827
39.600213626306555
34.717326619363696
27.295338368810558
17.920195315480278
8.74036774242771
-0.8300907911802854
-10.400549324788281
-20.55695429922942
-28.857862211032273
-34.717326619363696
-42.236972610055695
-49.365987640192266
-53.95590142671855
-54.639505607690545
-51.123826962691695
-47.80346379797055
-44.77607385366598
-41.84634164950027
-37.256427862973986
-31.103990234225986
-26.514076447699704
-21.045242999923705
-15.869382772564279
-11.47478446631571
-5.615320057984283
-0.04882887006942855
5.224689097428855
8.642710002288853
10.205233844510566
10.009918364232853
6.494239719233997
4.443427176317998
4.541084916456855
6.103608758678568
9.619287403677424
12.060730907148852
13.232623788815136
12.646677347981994
11.865415426871138
10.986495765621424
6.787212939650568
2.0996414129854277
-2.197299153124285
-5.0293736171511405
-2.9785610742351416
2.68558785381857
10.79118028534371
17.724879835202564
23.096055542839704
27.68596932936599
30.029755092698558
31.68993667505913
29.736781872281988
22.21713588158999
12.646677347981994
3.9551384756237127
-1.2207217517357138
-4.834058136873426
-7.959105821316854
-12.45136186770428
-22.119478141451133
-32.471198596169984
-39.69787136644541
-40.772106507972836
-34.61966887922484
-27.1976806286717
-21.43587396047913
-18.994430457007706
-18.21316853589685
-15.088120851453422
-2.2949568932631417
37.06111238269627
103.56603341725796
164.30914778362708
169.58266575112535
95.16746776531625
-23.19371328297856
-120.55848020141909
-153.17616540779736
-129.1523613336385
-89.01503013656824
-58.350499732967116
-42.62760357061112
-34.717326619363696
-25.830472266727703
-17.041275654230564
-9.521629663538567
-4.541084916456855
-0.04882887006942855
5.224689097428855
8.838025482566568
12.549019607843137
14.013885709925994
12.158388647287708
11.181811245899137
12.353704127565424
16.16235599298085
19.287403677424276
20.263981078812847
19.385061417563133
16.650644693675137
16.357671473258563
16.064698252841993
13.81857022964828
13.232623788815136
16.45532921339742
24.17029068436713
30.71335927367056
32.86182955672541
31.787594415197987
29.443808651865414
32.37354085603113
37.74471656366827
38.62363622491798
33.44777599755856
24.853894865339132
19.092088197146563
15.283436331731137
11.767757686732281
6.494239719233997
-4.443427176317998
-18.701457236591136
-34.91264209964141
-49.658960860608836
-57.56923781185626
-58.643472953383686
-54.639505607690545
-49.56130312046998
-42.62760357061112
-33.545433737697415
-26.807049668116274
-22.021820401312276
-19.58037689784085
-16.84596017395285
-10.302891584649425
-3.1738765545128556
1.3183794918745708
1.513694972152285
1.8066681925688564
4.736400396734569
5.908293278400855
5.420004577706569
4.052796215762569
5.322346837567712
11.181811245899137
16.45532921339742
18.701457236591136
16.650644693675137
13.916227969787137
12.158388647287708
8.838025482566568
5.615320057984283
0.9277485313191425
-4.248111696040284
-6.201266498817426
-4.638742656595713
0.24414435034714274
5.127031357289998
9.033340962844282
11.08415350576028
10.498207064927138
13.623254749370565
21.14290074006256
29.736781872281988
36.182192721446555
36.57282368200198
31.494621194781413
20.752269779507134
7.470817120622568
-6.39658197909514
-21.728847180895706
-33.05714503700313
-39.893186846723125
-44.19012741283284
-47.21751735713741
-49.46364538033112
-45.85030899519341
-36.27985046158541
-23.58434424353399
-14.404516670481422
-14.599832150759136
-13.623254749370565
5.71297779812314
58.74113069352254
139.21110856794078
203.76287479972532
196.53620202944992
94.77683680476082
-54.15121690699626
-168.8014038300145
-202.20035095750362
-163.03959716182192
-97.90188448920424
-46.14328221560998
-19.385061417563133
-12.939650568398566
-14.209201190203707
-15.381094071869994
-10.79118028534371
-1.0254062714579995
6.39658197909514
10.400549324788281
10.693522545204852
10.498207064927138
12.84199282825971
14.795147631036851
15.47875181200885
13.720912489509422
12.256046387426567
12.060730907148852
10.888838025482567
10.986495765621424
11.08415350576028
12.256046387426567
17.236591134508277
23.291371023117417
27.881284809643702
29.63912413214313
32.178225375753414
36.37750820172427
37.15877012283513
36.0845349813077
33.838406958113985
31.494621194781413
29.541466392004274
26.123445487144274
22.314793621728846
17.334248874647134
13.330281528953995
9.619287403677424
1.7090104524299992
-8.252079041733426
-18.310826276035705
-26.123445487144274
-31.396963454642556
-36.37750820172427
-39.893186846723125
-41.74868390936141
-39.893186846723125
-35.010299839780274
-31.885252155336843
-29.346150911726557
-28.076600289921416
-26.807049668116274
-23.389028763256274
-18.799114976729992
-12.256046387426567
-5.615320057984283
1.3183794918745708
6.298924238956283
4.248111696040284
-1.9043259327077133
-5.127031357289998
6.982528419928283
35.889219501029984
63.03807125963226
74.36636911573969
69.58113984893568
59.03410391393912
46.33859769588769
30.615701533531702
18.60379949645228
9.81460288395514
2.68558785381857
0.34180209048599985
1.416037232013428
-3.7598229953459983
-23.87731746395056
-47.21751735713741
-58.350499732967116
-57.08094911116198
-47.80346379797055
-36.0845349813077
-22.803082322423133
-7.959105821316854
4.638742656595713
14.599832150759136
18.310826276035705
15.088120851453422
12.158388647287708
18.017853055619135
33.252460517280845
42.33463035019455
36.67048142214084
22.314793621728846
6.103608758678568
-6.494239719233997
-13.720912489509422
-14.404516670481422
-15.674067292286564
-24.95155260547799
-34.717326619363696
-37.35408560311284
-22.21713588158999
24.65857938506142
101.71053635461966
176.3210498207065
191.75097276264592
116.84748607614252
-22.119478141451133
-155.42229343099106
-216.65369649805447
-197.41512169069964
-136.08606088349737
-76.31952391851682
-40.86976424811169
-26.416418707560844
-22.21713588158999
-17.920195315480278
-12.158388647287708
-8.545052262149996
-4.443427176317998
-1.1230640115968566
1.2207217517357138
5.615320057984283
10.498207064927138
14.697489890897993
15.869382772564279
16.16235599298085
15.283436331731137
11.181811245899137
8.74036774242771
7.959105821316854
8.838025482566568
12.549019607843137
17.52956435492485
22.90074006256199
25.146868085755703
25.732814526588847
26.123445487144274
26.123445487144274
30.615701533531702
38.1353475242237
43.79949645227741
44.09246967269398
38.42832074464027
30.420386053253985
20.068665598535134
11.377126726176853
6.6895551995117115
3.1738765545128556
0.04882887006942855
-5.908293278400855
-14.795147631036851
-23.87731746395056
-30.518043793392845
-32.86182955672541
-35.69390402075227
-40.08850232700084
-44.38544289311055
-46.72922865644312
-43.21355001144427
-37.35408560311284
-31.592278934920273
-25.342183566033416
-19.678034637979707
-14.697489890897993
-13.330281528953995
-13.427939269092851
-12.646677347981994
-11.181811245899137
-6.39658197909514
-0.34180209048599985
6.39658197909514
13.916227969787137
18.994430457007706
20.16632333867399
15.771725032425422
10.595864805065995
7.861448081177996
6.982528419928283
10.302891584649425
13.623254749370565
12.646677347981994
7.080186160067139
-0.6347753109025711
-6.591897459372854
-11.279468986037996
-12.353704127565424
-8.838025482566568
-4.443427176317998
1.3183794918745708
6.39658197909514
11.47478446631571
18.60379949645228
27.49065384908827
36.57282368200198
39.79552910658427
37.256427862973986
31.396963454642556
22.119478141451133
13.13496604867628
0.537117570763714
-23.19371328297856
-57.764553292133975
-89.01503013656824
-102.88242923628596
-104.05432211795224
-97.12062256809338
-81.98367284657053
-63.819333180743115
-47.31517509727627
-35.69390402075227
-26.416418707560844
-14.50217441062028
11.181811245899137
65.77248798352025
143.01976043335623
211.5754940108339
221.43892576485848
139.21110856794078
-2.9785610742351416
-126.41794460975052
-169.77798123140306
-137.94155794613565
-79.15159838254368
-31.787594415197987
-8.935683222705425
-0.24414435034714274
5.0293736171511405
8.05676356145571
10.10757610437171
11.279468986037996
15.283436331731137
23.19371328297856
31.68993667505913
40.57679102769512
45.75265125505455
43.99481193255512
33.05714503700313
17.041275654230564
9.42397192339971
12.158388647287708
17.52956435492485
18.017853055619135
14.404516670481422
14.013885709925994
17.334248874647134
23.48668650339513
29.541466392004274
31.9829098954757
32.27588311589227
29.443808651865414
26.22110322728313
25.63515678644999
27.68596932936599
32.764171816586554
38.03768978408484
42.43228809033341
43.018234531166556
36.67048142214084
28.174258030060273
19.287403677424276
10.302891584649425
0.9277485313191425
-7.763790341039139
-13.232623788815136
-18.994430457007706
-26.22110322728313
-35.20561532005799
-44.873731593804834
-49.85427634088655
-50.83085374227512
-47.21751735713741
-39.307240405889985
-30.127412832837415
-20.55695429922942
-13.232623788815136
-7.373159380483711
-5.224689097428855
-8.349736781872283
-10.888838025482567
-11.377126726176853
-9.033340962844282
-4.345769436179141
-0.537117570763714
1.513694972152285
0.6347753109025711
0.24414435034714274
1.416037232013428
2.0996414129854277
3.9551384756237127
3.8574807354848555
1.7090104524299992
0.24414435034714274
0.34180209048599985
2.68558785381857
4.150453955901427
7.080186160067139
10.986495765621424
10.79118028534371
6.884870679789426
2.0019836728465705
3.1738765545128556
12.549019607843137
23.682001983672848
31.68993667505913
34.32669565880827
34.91264209964141
32.471198596169984
22.119478141451133
8.154421301594567
-4.052796215762569
-9.619287403677424
-9.42397192339971
-10.400549324788281
-16.748302433813993
-30.322728313115128
-43.311207751583126
-50.53788052185855
-53.36995498588541
-51.02616922255284
-46.240939955748836
-40.08850232700084
-33.64309147783627
-25.830472266727703
-5.0293736171511405
41.943999389639124
121.82803082322422
206.20431830319677
231.98596169985504
155.1293202105745
-1.8066681925688564
-152.98084992751964
-222.12252994583048
-199.0753032730602
-128.37109941252766
-63.526359960326545
-26.709391927977418
-15.381094071869994
-17.82253757534142
-19.87335011825742
-17.82253757534142
-11.181811245899137
-0.9277485313191425
8.349736781872283
14.11154345006485
14.209201190203707
13.916227969787137
15.674067292286564
16.260013733119706
16.260013733119706
14.599832150759136
14.209201190203707
17.43190661478599
22.21713588158999
26.807049668116274
27.97894254978256
27.68596932936599
25.92813000686656
22.21713588158999
21.533531700617992
23.974975204089418
28.857862211032273
34.131380178530556
37.15877012283513
38.818951705195694
38.525978484779124
39.307240405889985
40.67444876783398
38.1353475242237
33.44777599755856
27.49065384908827
22.314793621728846
17.43190661478599
11.08415350576028
3.466849774929427
-8.545052262149996
-22.21713588158999
-34.0337224383917
-42.236972610055695
-44.580758373388264
-44.19012741283284
-42.04165712977798
-38.72129396505684
-35.49858854047456
-31.68993667505913
-28.467231250476843
-23.87731746395056
-19.48271915770199
-18.506141756313422
-17.334248874647134
-15.576409552147707
-12.060730907148852
-6.6895551995117115
-2.0996414129854277
0.8300907911802854
0.537117570763714
-0.04882887006942855
-1.2207217517357138
-4.931715877012284
-7.470817120622568
-8.154421301594567
-5.0293736171511405
1.416037232013428
7.763790341039139
11.670099946593423
10.595864805065995
8.44739452201114
7.470817120622568
6.6895551995117115
8.545052262149996
11.181811245899137
14.795147631036851
19.092088197146563
21.92416266117342
23.096055542839704
21.43587396047913
21.826504921034562
24.756237125200276
24.853894865339132
20.654612039368278
11.963073167009995
3.466849774929427
-2.197299153124285
-6.6895551995117115
-11.279468986037996
-19.385061417563133
-29.2484931715877
-40.28381780727855
-52.10040436408026
-58.25284199282826
-56.88563363088426
-47.90112153810941
-35.79156176089113
-27.002365148393988
-22.21713588158999
-19.18974593728542
-5.517662317845426
31.885252155336843
97.90188448920424
177.78591592278934
221.92721446555277
178.27420462348363
44.38544289311055
-110.49973296711681
-198.29404135194935
-191.65331502250706
-126.9062333104448
-61.37788967727169
-26.514076447699704
-17.236591134508277
-19.287403677424276
-20.068665598535134
-15.381094071869994
-8.545052262149996
-2.392614633401999
0.04882887006942855
1.9043259327077133
4.248111696040284
6.591897459372854
11.670099946593423
15.967040512703136
17.627222095063708
17.334248874647134
16.260013733119706
16.45532921339742
15.869382772564279
16.260013733119706
16.650644693675137
15.576409552147707
16.84596017395285
19.18974593728542
22.314793621728846
25.24452582589456
27.295338368810558
29.834439612420844
31.2993057145037
33.74074921797513
36.27985046158541
36.182192721446555
35.20561532005799
33.05714503700313
31.396963454642556
29.541466392004274
26.416418707560844
22.510109102006563
14.795147631036851
5.0293736171511405
-6.201266498817426
-20.84992751964599
-35.303273060196844
-47.0222018768597
-51.90508888380255
-49.75661860074769
-43.99481193255512
-36.37750820172427
-30.908674753948272
-26.22110322728313
-23.19371328297856
-22.998397802700847
-21.338216220340275
-17.52956435492485
-11.279468986037996
-4.834058136873426
-1.1230640115968566
-0.24414435034714274
-2.9785610742351416
-5.420004577706569
-6.39658197909514
-7.666132600900283
-7.373159380483711
-6.39658197909514
-2.8809033340962844
3.076218814373999
9.033340962844282
13.13496604867628
11.670099946593423
7.861448081177996
4.052796215762569
1.0254062714579995
2.0019836728465705
4.834058136873426
9.130998702983138
14.795147631036851
20.654612039368278
26.123445487144274
26.416418707560844
23.58434424353399
21.14290074006256
21.14290074006256
26.318760967421987
31.592278934920273
33.252460517280845
30.127412832837415
23.291371023117417
14.11154345006485
-0.04882887006942855
-15.674067292286564
-29.053177691309987
-40.08850232700084
-46.72922865644312
-49.85427634088655
-47.51049057755398
-40.08850232700084
-31.396963454642556
-23.974975204089418
-22.021820401312276
-22.314793621728846
-19.48271915770199
-3.5645075150682843
41.943999389639124
118.80064087891967
197.90341039139392
222.80613412680248
154.54337376974135
15.088120851453422
-125.83199816891737
-196.92683299000535
-183.54772259098192
-125.63668268863965
-68.79987792782482
-36.57282368200198
-23.58434424353399
-16.84596017395285
-10.10757610437171
-2.392614633401999
2.0996414129854277
5.0293736171511405
5.615320057984283
3.1738765545128556
2.490272373540856
3.8574807354848555
8.154421301594567
14.013885709925994
18.701457236591136
21.14290074006256
19.092088197146563
16.55298695353628
15.381094071869994
15.088120851453422
17.82253757534142
20.84992751964599
23.779659723811704
25.92813000686656
27.002365148393988
28.467231250476843
28.760204470893417
31.103990234225986
35.010299839780274
36.86579690241855
37.35408560311284
37.256427862973986
39.5025558861677
42.43228809033341
43.018234531166556
40.38147554741741
31.494621194781413
19.775692378118563
8.154421301594567
-4.834058136873426
-18.506141756313422
-32.56885633630884
-42.62760357061112
-47.60814831769284
-49.85427634088655
-50.83085374227512
-53.07698176546884
-52.588693064774546
-47.90112153810941
-40.772106507972836
-31.201647974364842
-23.291371023117417
-16.84596017395285
-11.377126726176853
-7.373159380483711
-4.443427176317998
-3.7598229953459983
-2.0996414129854277
-0.24414435034714274
-1.3183794918745708
-3.36919203479057
-6.591897459372854
-7.080186160067139
-2.8809033340962844
3.8574807354848555
9.42397192339971
9.130998702983138
6.884870679789426
4.052796215762569
0.34180209048599985
-0.24414435034714274
2.197299153124285
8.642710002288853
15.771725032425422
18.799114976729992
17.334248874647134
11.963073167009995
9.130998702983138
9.326314183260854
9.71694514381628
11.865415426871138
15.185778591592278
19.58037689784085
22.510109102006563
21.728847180895706
18.506141756313422
12.060730907148852
5.322346837567712
-2.783245593957427
-14.306858930342566
-24.95155260547799
-33.64309147783627
-38.72129396505684
-41.74868390936141
-43.40886549172198
-41.74868390936141
-38.72129396505684
-32.6665140764477
-26.025787747005417
-21.43587396047913
-15.47875181200885
-4.638742656595713
21.92416266117342
75.53826199740597
151.12535286488136
210.11062790875104
191.84863050278477
78.85862516212711
-74.46402685587854
-182.6688029297322
-198.3916990920882
-146.04715037766078
-79.44457160296025
-35.98687724116884
-20.55695429922942
-19.678034637979707
-22.705424582284277
-21.43587396047913
-16.357671473258563
-10.205233844510566
-2.392614633401999
3.36919203479057
7.763790341039139
12.45136186770428
17.627222095063708
22.412451361867703
23.48668650339513
23.974975204089418
23.58434424353399
21.045242999923705
19.48271915770199
18.60379949645228
19.87335011825742
22.60776684214542
25.24452582589456
27.100022888532845
25.439841306172273
23.87731746395056
23.779659723811704
24.853894865339132
28.760204470893417
33.74074921797513
40.08850232700084
45.654993514915695
48.48706797894255
47.998779278248264
41.065079728389414
31.592278934920273
22.021820401312276
12.158388647287708
3.1738765545128556
-5.71297779812314
-14.11154345006485
-23.291371023117417
-32.95948729686427
-41.16273746852827
-50.14724956130312
-57.86221103227283
-63.526359960326545
-65.96780346379796
-61.28023193713283
-52.39337758449683
-40.67444876783398
-28.564888990615703
-18.11551079575799
-9.71694514381628
-5.0293736171511405
-0.34180209048599985
3.662165255207141
4.248111696040284
3.466849774929427
1.0254062714579995
0.34180209048599985
2.0019836728465705
4.736400396734569
6.884870679789426
5.322346837567712
3.076218814373999
1.513694972152285
0.6347753109025711
2.783245593957427
4.834058136873426
6.39658197909514
6.787212939650568
5.517662317845426
3.7598229953459983
0.43945983062485694
-0.6347753109025711
-0.8300907911802854
-1.3183794918745708
0.9277485313191425
5.71297779812314
12.939650568398566
20.654612039368278
27.97894254978256
34.131380178530556
34.61966887922484
30.908674753948272
24.756237125200276
17.041275654230564
9.912260624093996
1.7090104524299992
-6.005951018539712
-13.13496604867628
-20.263981078812847
-28.467231250476843
-39.11192492561227
-46.240939955748836
-47.21751735713741
-43.40886549172198
-35.4009308003357
-28.564888990615703
-23.974975204089418
-19.87335011825742
-9.619287403677424
17.82253757534142
69.28816662851911
138.82047760738536
187.35637445639733
161.9653620202945
51.51445792324712
-90.38223849851225
-181.39925230792707
-184.7196154726482
-127.68749523155566
-64.20996414129854
-31.2993057145037
-25.830472266727703
-30.322728313115128
-31.396963454642556
-24.267948424505988
-15.088120851453422
-6.591897459372854
0.537117570763714
6.884870679789426
13.037308308537423
16.45532921339742
19.775692378118563
22.21713588158999
22.60776684214542
23.87731746395056
24.756237125200276
26.025787747005417
26.514076447699704
25.830472266727703
24.95155260547799
23.291371023117417
23.58434424353399
24.365606164644845
24.560921644922562
27.1976806286717
29.834439612420844
31.00633249408713
29.834439612420844
28.369573510337986
28.760204470893417
27.1976806286717
25.146868085755703
23.291371023117417
21.43587396047913
19.87335011825742
16.748302433813993
13.720912489509422
10.302891584649425
5.127031357289998
-1.3183794918745708
-11.377126726176853
-21.63118944075685
-31.592278934920273
-41.065079728389414
-47.21751735713741
-50.04959182116426
-47.0222018768597
-39.600213626306555
-32.08056763561456
-27.002365148393988
-26.61173418783856
-25.63515678644999
-22.803082322423133
-19.678034637979707
-16.064698252841993
-14.209201190203707
-11.865415426871138
-8.05676356145571
-3.2715342946517127
1.416037232013428
3.1738765545128556
5.0293736171511405
6.201266498817426
4.541084916456855
2.490272373540856
0.6347753109025711
1.9043259327077133
5.322346837567712
7.763790341039139
6.982528419928283
0.9277485313191425
-4.541084916456855
-6.787212939650568
-6.103608758678568
-2.68558785381857
-0.537117570763714
0.6347753109025711
2.0996414129854277
5.615320057984283
11.08415350576028
14.11154345006485
17.13893339436942
21.338216220340275
25.342183566033416
27.97894254978256
25.24452582589456
18.506141756313422
8.74036774242771
-2.0019836728465705
-10.498207064927138
-17.43190661478599
-21.826504921034562
-26.709391927977418
-33.838406958113985
-38.91660944533455
-40.57679102769512
-36.57282368200198
-29.053177691309987
-21.045242999923705
-14.209201190203707
-11.670099946593423
-7.861448081177996
4.931715877012284
38.23300526436255
98.97611963073167
163.5278858625162
181.00862134737164
111.18333714808881
-21.92416266117342
-140.28534370946824
-184.23132677195392
-151.80895704585336
-88.52674143587396
-37.94003204394598
-13.330281528953995
-8.935683222705425
-10.009918364232853
-8.642710002288853
-4.248111696040284
0.34180209048599985
0.8300907911802854
0.537117570763714
1.2207217517357138
3.466849774929427
8.642710002288853
13.427939269092851
18.11551079575799
21.92416266117342
23.974975204089418
24.17029068436713
21.14290074006256
19.48271915770199
20.068665598535134
21.63118944075685
24.853894865339132
26.90470740825513
28.174258030060273
27.588311589227132
25.537499046311133
24.072632944228275
22.60776684214542
24.267948424505988
27.783627069504846
30.22507057297627
31.201647974364842
29.63912413214313
27.68596932936599
24.4632639047837
20.45929655909056
17.334248874647134
12.158388647287708
5.810635538261997
-2.2949568932631417
-12.158388647287708
-21.728847180895706
-31.201647974364842
-37.256427862973986
-39.79552910658427
-39.99084458686198
-38.62363622491798
-38.23300526436255
-36.182192721446555
-32.08056763561456
-26.025787747005417
-17.236591134508277
-9.42397192339971
-2.783245593957427
1.416037232013428
3.076218814373999
2.68558785381857
-1.2207217517357138
-4.638742656595713
-6.298924238956283
-6.298924238956283
-4.248111696040284
-2.68558785381857
-0.04882887006942855
3.076218814373999
5.615320057984283
7.373159380483711
6.884870679789426
7.666132600900283
9.228656443121995
10.205233844510566
11.572442206454566
11.377126726176853
11.08415350576028
10.595864805065995
10.10757610437171
9.71694514381628
7.568474860761425
6.787212939650568
7.763790341039139
10.10757610437171
15.381094071869994
22.21713588158999
31.592278934920273
39.5025558861677
40.772106507972836
33.3501182574197
17.724879835202564
2.197299153124285
-9.228656443121995
-16.748302433813993
-21.24055848020142
-27.588311589227132
-35.49858854047456
-43.40886549172198
-47.31517509727627
-45.16670481422141
-41.065079728389414
-34.52201113908598
-27.881284809643702
-23.682001983672848
-20.55695429922942
-15.967040512703136
1.2207217517357138
42.822919050888835
108.93720912489509
169.19203479056992
168.70374608987564
85.49935149156939
-40.86976424811169
-137.25795376516365
-159.62157625696193
-124.36713206683451
-72.60852979324025
-35.889219501029984
-20.263981078812847
-16.357671473258563
-16.357671473258563
-13.525597009231708
-8.74036774242771
-4.052796215762569
2.0019836728465705
6.103608758678568
8.252079041733426
8.252079041733426
7.470817120622568
7.666132600900283
8.252079041733426
12.158388647287708
16.943617914091707
20.263981078812847
23.87731746395056
26.416418707560844
29.63912413214313
33.05714503700313
36.0845349813077
36.768139162279695
31.103990234225986
23.291371023117417
16.748302433813993
14.892805371175708
19.775692378118563
26.514076447699704
31.396963454642556
31.494621194781413
28.857862211032273
26.709391927977418
23.58434424353399
21.728847180895706
19.48271915770199
13.232623788815136
3.2715342946517127
-7.666132600900283
-14.404516670481422
-19.18974593728542
-25.537499046311133
-33.05714503700313
-41.358052948805984
-45.654993514915695
-45.45967803463798
-42.236972610055695
-37.549401083390556
-35.010299839780274
-32.6665140764477
-29.346150911726557
-24.65857938506142
-18.799114976729992
-15.283436331731137
-12.158388647287708
-9.521629663538567
-6.884870679789426
-1.9043259327077133
3.1738765545128556
9.130998702983138
14.11154345006485
16.84596017395285
17.43190661478599
14.11154345006485
10.595864805065995
6.982528419928283
3.5645075150682843
2.9785610742351416
3.8574807354848555
6.591897459372854
8.935683222705425
10.400549324788281
11.767757686732281
10.10757610437171
7.080186160067139
1.8066681925688564
-4.248111696040284
-6.494239719233997
-3.7598229953459983
5.0293736171511405
15.674067292286564
23.87731746395056
28.760204470893417
29.443808651865414
28.857862211032273
25.439841306172273
17.920195315480278
9.228656443121995
0.7324330510414282
-5.71297779812314
-13.232623788815136
-22.119478141451133
-31.103990234225986
-41.651026169222554
-49.17067215991455
-50.73319600213626
-45.16670481422141
-34.81498435950255
-27.100022888532845
-23.291371023117417
-22.998397802700847
-22.314793621728846
-14.892805371175708
3.8574807354848555
44.77607385366598
106.00747692072939
160.5981536583505
165.48104066529336
95.75341420614939
-18.40848401617456
-116.06622415503166
-151.80895704585336
-128.66407263294423
-84.03448538948653
-46.533913176165406
-26.514076447699704
-19.58037689784085
-15.771725032425422
-12.158388647287708
-5.420004577706569
2.392614633401999
8.44739452201114
10.400549324788281
7.568474860761425
6.884870679789426
9.130998702983138
11.670099946593423
13.623254749370565
13.525597009231708
14.795147631036851
17.13893339436942
19.18974593728542
21.533531700617992
22.705424582284277
24.65857938506142
24.65857938506142
21.045242999923705
17.236591134508277
14.795147631036851
16.650644693675137
21.826504921034562
28.27191577019913
33.05714503700313
31.2993057145037
27.100022888532845
24.95155260547799
24.95155260547799
24.853894865339132
20.947585259784848
16.064698252841993
11.08415350576028
7.080186160067139
4.443427176317998
0.04882887006942855
-4.541084916456855
-10.693522545204852
-19.385061417563133
-29.2484931715877
-39.893186846723125
-45.75265125505455
-44.67841611352712
-36.768139162279695
-25.342183566033416
-19.092088197146563
-18.11551079575799
-20.16632333867399
-21.045242999923705
-17.236591134508277
-10.986495765621424
-2.68558785381857
3.2715342946517127
4.638742656595713
2.2949568932631417
-3.1738765545128556
-7.666132600900283
-10.205233844510566
-8.935683222705425
-1.513694972152285
7.080186160067139
12.84199282825971
11.47478446631571
5.71297779812314
1.3183794918745708
-1.2207217517357138
-1.416037232013428
-2.0019836728465705
-2.68558785381857
-1.1230640115968566
0.6347753109025711
3.076218814373999
5.71297779812314
9.033340962844282
13.232623788815136
14.599832150759136
14.795147631036851
15.088120851453422
18.40848401617456
26.318760967421987
32.471198596169984
33.74074921797513
29.834439612420844
24.267948424505988
17.627222095063708
5.127031357289998
-10.888838025482567
-27.97894254978256
-42.236972610055695
-49.26832990005341
-50.14724956130312
-45.26436255436027
-39.40489814602884
-34.91264209964141
-31.592278934920273
-30.71335927367056
-28.27191577019913
-21.63118944075685
-3.5645075150682843
38.1353475242237
105.90981918059052
180.12970168612193
213.6263065537499
166.94590676737621
46.240939955748836
-95.55809872587167
-187.84466315709162
-198.1963836118105
-147.51201647974364
-81.49538414587624
-36.475165941863125
-16.55298695353628
-10.79118028534371
-8.44739452201114
-6.201266498817426
-6.591897459372854
-5.127031357289998
-0.6347753109025711
5.0293736171511405
10.693522545204852
12.84199282825971
14.50217441062028
16.55298695353628
18.506141756313422
19.287403677424276
17.82253757534142
18.40848401617456
20.654612039368278
22.90074006256199
24.95155260547799
24.65857938506142
23.096055542839704
19.58037689784085
15.869382772564279
14.795147631036851
14.599832150759136
16.064698252841993
18.40848401617456
22.412451361867703
29.541466392004274
35.49858854047456
38.42832074464027
37.06111238269627
33.44777599755856
29.053177691309987
20.16632333867399
9.326314183260854
-1.1230640115968566
-8.935683222705425
-13.330281528953995
-17.52956435492485
-21.92416266117342
-28.760204470893417
-35.98687724116884
-40.186160067139696
-43.311207751583126
-44.97138933394369
-46.33859769588769
-45.55733577477684
-40.479133287556266
-34.0337224383917
-26.025787747005417
-17.920195315480278
-11.572442206454566
-7.861448081177996
-8.545052262149996
-8.252079041733426
-5.517662317845426
-1.6113527122911422
1.513694972152285
0.6347753109025711
-1.3183794918745708
-2.197299153124285
-0.04882887006942855
3.8574807354848555
4.052796215762569
1.6113527122911422
-1.7090104524299992
-3.1738765545128556
-1.6113527122911422
-0.34180209048599985
1.6113527122911422
4.248111696040284
7.080186160067139
8.154421301594567
3.5645075150682843
-1.416037232013428
-2.490272373540856
2.490272373540856
11.963073167009995
20.45929655909056
27.588311589227132
33.05714503700313
37.74471656366827
40.772106507972836
37.4517433432517
29.541466392004274
18.701457236591136
7.177843900205997
-2.68558785381857
-11.963073167009995
-19.385061417563133
-26.90470740825513
-33.64309147783627
-36.182192721446555
-36.27985046158541
-33.64309147783627
-30.518043793392845
-26.709391927977418
-21.92416266117342
-19.18974593728542
-13.037308308537423
6.201266498817426
50.34256504158083
117.3357747768368
174.85618371862364
180.32501716639965
108.44892042420081
-17.334248874647134
-133.5469596398871
-184.9149309529259
-161.4770733196002
-102.29648279545282
-50.928511482413974
-25.342183566033416
-22.119478141451133
-25.439841306172273
-26.318760967421987
-21.728847180895706
-12.256046387426567
-3.9551384756237127
2.5879301136797133
7.373159380483711
11.377126726176853
15.967040512703136
19.18974593728542
22.705424582284277
24.072632944228275
22.998397802700847
22.021820401312276
20.55695429922942
20.16632333867399
19.87335011825742
19.287403677424276
18.799114976729992
16.943617914091707
17.43190661478599
19.678034637979707
22.803082322423133
26.318760967421987
28.467231250476843
31.9829098954757
35.889219501029984
38.818951705195694
39.307240405889985
33.93606469825284
26.416418707560844
19.678034637979707
15.869382772564279
14.697489890897993
12.549019607843137
9.81460288395514
3.9551384756237127
-5.224689097428855
-15.576409552147707
-27.002365148393988
-36.182192721446555
-42.13931486991684
-42.62760357061112
-37.06111238269627
-30.615701533531702
-24.072632944228275
-18.506141756313422
-14.795147631036851
-13.525597009231708
-15.088120851453422
-14.599832150759136
-12.74433508812085
-10.009918364232853
-5.127031357289998
-0.537117570763714
3.2715342946517127
4.052796215762569
2.2949568932631417
-1.0254062714579995
-7.275501640344854
-11.572442206454566
-12.256046387426567
-9.71694514381628
-5.224689097428855
-2.783245593957427
-1.416037232013428
-1.416037232013428
-1.416037232013428
-0.6347753109025711
-2.0019836728465705
-3.36919203479057
-3.466849774929427
-1.416037232013428
2.68558785381857
5.908293278400855
9.619287403677424
13.13496604867628
16.16235599298085
19.385061417563133
21.338216220340275
25.24452582589456
29.63912413214313
31.201647974364842
28.66254673075456
20.947585259784848
11.963073167009995
1.513694972152285
-10.10757610437171
-21.14290074006256
-32.08056763561456
-40.57679102769512
-47.11985961699855
-50.34256504158083
-48.19409475852598
-43.018234531166556
-34.131380178530556
-24.4632639047837
-16.748302433813993
-10.10757610437171
0.24414435034714274
29.053177691309987
84.22980086976425
156.4965285725185
209.23170824750133
194.58304722667276
98.87846189059282
-39.40489814602884
-146.53543907835507
-174.66086823834593
-138.5275043869688
-82.0813305867094
-41.358052948805984
-24.072632944228275
-19.58037689784085
-20.361638818951704
-19.385061417563133
-16.064698252841993
-11.08415350576028
-5.908293278400855
-2.9785610742351416
0.14648661020828566
2.8809033340962844
4.248111696040284
5.224689097428855
5.224689097428855
7.666132600900283
12.353704127565424
18.017853055619135
22.90074006256199
23.58434424353399
22.60776684214542
20.55695429922942
18.89677271686885
19.385061417563133
20.45929655909056
24.267948424505988
29.053177691309987
33.15480277714199
36.37750820172427
37.4517433432517
39.11192492561227
40.28381780727855
39.893186846723125
37.256427862973986
31.396963454642556
25.537499046311133
18.994430457007706
11.865415426871138
5.420004577706569
-2.2949568932631417
-9.912260624093996
-17.627222095063708
-23.974975204089418
-27.100022888532845
-29.736781872281988
-30.908674753948272
-32.178225375753414
-32.95948729686427
-32.08056763561456
-30.71335927367056
-27.1976806286717
-24.4632639047837
-23.87731746395056
-23.19371328297856
-22.412451361867703
-19.678034637979707
-16.260013733119706
-12.74433508812085
-9.71694514381628
-9.81460288395514
-10.595864805065995
-10.986495765621424
-9.42397192339971
-5.420004577706569
-2.5879301136797133
-0.43945983062485694
0.14648661020828566
0.537117570763714
1.3183794918745708
-0.04882887006942855
-1.7090104524299992
-3.1738765545128556
-2.9785610742351416
-0.7324330510414282
-0.24414435034714274
0.04882887006942855
1.1230640115968566
3.36919203479057
5.615320057984283
5.615320057984283
7.666132600900283
12.646677347981994
20.068665598535134
29.346150911726557
36.67048142214084
40.772106507972836
38.03768978408484
29.443808651865414
19.18974593728542
8.05676356145571
-1.513694972152285
-10.595864805065995
-19.385061417563133
-27.392996108949415
-36.67048142214084
-43.311207751583126
-45.75265125505455
-43.21355001144427
-36.768139162279695
-30.908674753948272
-26.123445487144274
-24.267948424505988
-22.412451361867703
-12.84199282825971
10.400549324788281
56.690318150606544
122.70695048447395
180.03204394598308
181.30159456778821
97.51125352864881
-36.0845349813077
-144.28931105516136
-174.56321049820707
-135.89074540321965
-76.51483939879454
-32.08056763561456
-12.353704127565424
-9.42397192339971
-12.353704127565424
-15.47875181200885
-13.037308308537423
-7.275501640344854
-1.1230640115968566
4.345769436179141
6.39658197909514
7.275501640344854
8.05676356145571
10.10757610437171
13.232623788815136
14.990463111314565
18.11551079575799
20.947585259784848
21.63118944075685
21.045242999923705
18.799114976729992
18.21316853589685
18.11551079575799
17.236591134508277
15.967040512703136
13.525597009231708
14.11154345006485
17.13893339436942
21.045242999923705
24.65857938506142
25.732814526588847
27.49065384908827
29.2484931715877
30.420386053253985
30.322728313115128
25.830472266727703
19.385061417563133
12.549019607843137
6.6895551995117115
1.9043259327077133
-3.8574807354848555
-9.228656443121995
-15.674067292286564
-23.291371023117417
-30.908674753948272
-39.69787136644541
-46.43625543602655
-50.14724956130312
-48.48706797894255
-40.67444876783398
-32.95948729686427
-26.709391927977418
-22.803082322423133
-20.068665598535134
-18.017853055619135
-19.48271915770199
-20.263981078812847
-18.017853055619135
-12.060730907148852
-4.052796215762569
1.3183794918745708
5.224689097428855
7.275501640344854
7.763790341039139
6.884870679789426
2.0996414129854277
-2.68558785381857
-4.834058136873426
-1.9043259327077133
5.127031357289998
10.888838025482567
15.283436331731137
16.943617914091707
16.064698252841993
13.427939269092851
7.861448081177996
2.68558785381857
-0.43945983062485694
0.34180209048599985
6.787212939650568
14.50217441062028
21.533531700617992
25.537499046311133
29.2484931715877
35.10795757991913
38.91660944533455
38.72129396505684
32.56885633630884
23.19371328297856
14.306858930342566
4.834058136873426
-4.052796215762569
-13.623254749370565
-22.60776684214542
-29.9320973525597
-38.33066300450141
-45.654993514915695
-50.24490730144198
-48.38941023880369
-38.62363622491798
-27.783627069504846
-19.87335011825742
-16.357671473258563
-11.279468986037996
5.517662317845426
42.529945830472265
103.56603341725796
163.43022812237734
172.12176699473565
97.90188448920424
-30.908674753948272
-136.76966506446936
-166.65293354695964
-128.66407263294423
-69.28816662851911
-29.053177691309987
-14.990463111314565
-17.041275654230564
-20.55695429922942
-16.16235599298085
-6.6895551995117115
2.9785610742351416
7.763790341039139
8.05676356145571
7.177843900205997
5.810635538261997
9.033340962844282
15.088120851453422
19.48271915770199
19.092088197146563
13.525597009231708
9.228656443121995
8.642710002288853
11.279468986037996
13.81857022964828
11.865415426871138
9.228656443121995
8.74036774242771
10.79118028534371
13.623254749370565
14.013885709925994
15.674067292286564
20.55695429922942
28.857862211032273
38.03768978408484
42.236972610055695
42.13931486991684
38.23300526436255
30.22507057297627
18.40848401617456
5.517662317845426
0.6347753109025711
4.443427176317998
10.79118028534371
10.205233844510566
-3.36919203479057
-23.291371023117417
-40.479133287556266
-48.48706797894255
-46.43625543602655
-41.065079728389414
-35.303273060196844
-32.764171816586554
-32.471198596169984
-32.178225375753414
-32.56885633630884
-29.736781872281988
-23.096055542839704
-14.50217441062028
-7.275501640344854
-5.517662317845426
-6.201266498817426
-7.959105821316854
-8.44739452201114
-5.127031357289998
-0.43945983062485694
4.638742656595713
6.6895551995117115
6.494239719233997
6.982528419928283
7.275501640344854
8.349736781872283
7.275501640344854
3.7598229953459983
0.34180209048599985
-1.513694972152285
0.43945983062485694
2.5879301136797133
2.783245593957427
3.7598229953459983
6.201266498817426
11.279468986037996
14.306858930342566
13.330281528953995
10.595864805065995
7.275501640344854
7.763790341039139
12.158388647287708
18.60379949645228
25.049210345616846
28.174258030060273
29.2484931715877
26.22110322728313
18.11551079575799
6.494239719233997
-7.568474860761425
-19.87335011825742
-31.2993057145037
-42.236972610055695
-49.85427634088655
-52.39337758449683
-47.0222018768597
-38.23300526436255
-30.029755092698558
-23.58434424353399
-21.045242999923705
-17.041275654230564
-4.345769436179141
28.95551995117113
91.8471046005951
168.8014038300145
214.60288395513848
175.44213015945678
49.26832990005341
-98.19485770962082
-191.06736858167392
-197.7080949111162
-145.65651941710536
-81.98367284657053
-36.96345464255741
-17.920195315480278
-13.330281528953995
-13.232623788815136
-11.47478446631571
-6.201266498817426
-0.14648661020828566
6.787212939650568
12.353704127565424
17.724879835202564
24.365606164644845
28.66254673075456
31.592278934920273
34.0337224383917
36.86579690241855
39.11192492561227
37.64705882352941
34.61966887922484
29.150835431448844
22.60776684214542
18.017853055619135
15.576409552147707
17.82253757534142
22.60776684214542
27.392996108949415
31.103990234225986
31.592278934920273
32.178225375753414
32.86182955672541
34.52201113908598
36.86579690241855
36.768139162279695
35.79156176089113
33.252460517280845
28.857862211032273
22.60776684214542
13.232623788815136
4.931715877012284
-0.9277485313191425
-4.248111696040284
-5.71297779812314
-9.521629663538567
-14.306858930342566
-18.701457236591136
-21.045242999923705
-21.533531700617992
-22.412451361867703
-21.92416266117342
-21.43587396047913
-20.45929655909056
-17.041275654230564
-14.013885709925994
-10.888838025482567
-7.959105821316854
-4.931715877012284
-2.197299153124285
-1.416037232013428
-0.04882887006942855
0.04882887006942855
0.04882887006942855
2.0019836728465705
2.5879301136797133
2.2949568932631417
2.0996414129854277
4.150453955901427
7.470817120622568
8.349736781872283
8.545052262149996
6.884870679789426
5.420004577706569
6.787212939650568
7.177843900205997
5.322346837567712
0.7324330510414282
-3.662165255207141
-6.591897459372854
-10.009918364232853
-11.47478446631571
-10.986495765621424
-6.39658197909514
3.662165255207141
14.892805371175708
25.63515678644999
33.74074921797513
38.03768978408484
36.182192721446555
25.146868085755703
10.498207064927138
-3.662165255207141
-13.81857022964828
-19.18974593728542
-25.049210345616846
-32.08056763561456
-40.479133287556266
-46.92454413672083
-49.26832990005341
-49.46364538033112
-45.55733577477684
-39.893186846723125
-33.05714503700313
-25.24452582589456
-18.506141756313422
-2.9785610742351416
36.475165941863125
108.64423590447852
190.09079118028535
219.7787441824979
150.05111772335394
-3.2715342946517127
-156.39887083237966
-225.54055085069047
-197.5127794308385
-120.65613794155794
-54.053559166857404
-20.947585259784848
-13.330281528953995
-16.260013733119706
-17.627222095063708
-16.748302433813993
-13.232623788815136
-5.224689097428855
2.8809033340962844
10.302891584649425
15.283436331731137
16.84596017395285
13.81857022964828
6.103608758678568
0.6347753109025711
-0.9277485313191425
2.5879301136797133
12.060730907148852
22.021820401312276
29.63912413214313
32.178225375753414
30.71335927367056
27.1976806286717
22.314793621728846
21.045242999923705
22.803082322423133
26.123445487144274
29.736781872281988
30.615701533531702
30.71335927367056
30.322728313115128
30.127412832837415
29.541466392004274
24.560921644922562
17.13893339436942
8.935683222705425
2.0996414129854277
-2.490272373540856
-7.080186160067139
-9.228656443121995
-11.08415350576028
-15.47875181200885
-23.974975204089418
-37.549401083390556
-49.85427634088655
-56.88563363088426
-56.29968719005112
-49.85427634088655
-44.580758373388264
-40.186160067139696
-36.0845349813077
-29.9320973525597
-21.14290074006256
-13.916227969787137
-7.959105821316854
-4.736400396734569
-2.2949568932631417
1.1230640115968566
2.197299153124285
1.3183794918745708
-2.0019836728465705
-6.201266498817426
-9.033340962844282
-11.47478446631571
-10.693522545204852
-8.44739452201114
-6.884870679789426
-6.005951018539712
-6.298924238956283
-4.248111696040284
-1.9043259327077133
-1.1230640115968566
-1.9043259327077133
-6.005951018539712
-9.912260624093996
-12.549019607843137
-13.623254749370565
-13.037308308537423
-11.279468986037996
-4.736400396734569
4.150453955901427
12.549019607843137
19.58037689784085
23.389028763256274
27.881284809643702
31.592278934920273
29.346150911726557
19.092088197146563
4.834058136873426
-3.7598229953459983
-8.349736781872283
-13.232623788815136
-19.87335011825742
-30.22507057297627
-40.28381780727855
-47.0222018768597
-47.412832837415124
-41.943999389639124
-36.0845349813077
-31.592278934920273
-31.9829098954757
-34.0337224383917
-30.029755092698558
-15.771725032425422
19.092088197146563
81.88601510643167
159.52391851682307
208.45044632639048
179.4460975051499
67.43266956588083
-75.9288929579614
-171.14518959334706
-177.0046540016785
-123.19523918516823
-62.15915159838254
-25.146868085755703
-11.377126726176853
-7.959105821316854
-6.591897459372854
-1.7090104524299992
3.8574807354848555
8.349736781872283
11.963073167009995
12.646677347981994
13.13496604867628
14.599832150759136
18.701457236591136
25.24452582589456
30.22507057297627
34.0337224383917
34.32669565880827
31.68993667505913
28.27191577019913
23.096055542839704
19.48271915770199
18.017853055619135
20.263981078812847
26.025787747005417
30.908674753948272
34.61966887922484
35.303273060196844
34.22903791866941
33.05714503700313
29.9320973525597
27.392996108949415
26.22110322728313
26.807049668116274
28.369573510337986
28.369573510337986
28.66254673075456
26.709391927977418
22.021820401312276
16.45532921339742
8.154421301594567
-1.1230640115968566
-11.377126726176853
-20.752269779507134
-27.881284809643702
-33.44777599755856
-34.81498435950255
-35.010299839780274
-35.889219501029984
-36.182192721446555
-35.49858854047456
-31.201647974364842
-25.732814526588847
-20.263981078812847
-14.795147631036851
-10.595864805065995
-4.834058136873426
1.0254062714579995
5.615320057984283
8.642710002288853
8.935683222705425
10.205233844510566
12.45136186770428
16.45532921339742
22.119478141451133
25.439841306172273
27.392996108949415
27.002365148393988
25.342183566033416
23.779659723811704
21.338216220340275
19.287403677424276
15.869382772564279
12.74433508812085
12.45136186770428
12.939650568398566
16.064698252841993
20.263981078812847
23.19371328297856
22.803082322423133
18.310826276035705
15.869382772564279
17.920195315480278
25.830472266727703
38.23300526436255
48.09643701838712
52.49103532463569
48.68238345922026
38.91660944533455
27.49065384908827
13.81857022964828
-0.34180209048599985
-15.771725032425422
-28.760204470893417
-35.98687724116884
-40.67444876783398
-42.72526131074998
-41.651026169222554
-37.64705882352941
-32.95948729686427
-30.71335927367056
-28.564888990615703
-29.150835431448844
-28.760204470893417
-16.064698252841993
17.43190661478599
77.97970550087739
148.97688258182652
191.45799954222935
167.82482642862593
64.3076218814374
-77.00312809948882
-179.15312428473334
-194.68070496681162
-142.43381399252308
-79.24925612268254
-43.311207751583126
-35.596246280613414
-38.03768978408484
-39.307240405889985
-37.35408560311284
-28.857862211032273
-20.45929655909056
-15.283436331731137
-10.009918364232853
-6.494239719233997
-4.443427176317998
-2.783245593957427
0.34180209048599985
1.9043259327077133
-1.9043259327077133
-5.71297779812314
-8.05676356145571
-8.545052262149996
-6.39658197909514
-4.345769436179141
-2.2949568932631417
-1.1230640115968566
0.24414435034714274
1.9043259327077133
0.7324330510414282
0.43945983062485694
2.197299153124285
5.908293278400855
10.888838025482567
14.404516670481422
17.52956435492485
18.310826276035705
17.43190661478599
16.650644693675137
13.037308308537423
8.154421301594567
2.5879301136797133
-2.2949568932631417
-6.6895551995117115
-12.256046387426567
-16.748302433813993
-22.510109102006563
-30.322728313115128
-38.91660944533455
-48.291752498664835
-53.56527046616312
-52.49103532463569
-45.947966735332265
-37.74471656366827
-31.68993667505913
-25.24452582589456
-19.48271915770199
-14.11154345006485
-8.545052262149996
-6.298924238956283
-5.517662317845426
-4.638742656595713
-2.8809033340962844
-1.6113527122911422
-1.6113527122911422
1.1230640115968566
4.834058136873426
8.154421301594567
11.08415350576028
10.205233844510566
7.470817120622568
4.443427176317998
3.9551384756237127
6.591897459372854
9.619287403677424
13.525597009231708
15.088120851453422
14.404516670481422
13.623254749370565
11.08415350576028
9.130998702983138
8.44739452201114
10.79118028534371
16.748302433813993
23.87731746395056
32.27588311589227
38.33066300450141
42.13931486991684
44.09246967269398
39.69787136644541
29.63912413214313
15.967040512703136
2.783245593957427
-7.080186160067139
-14.697489890897993
-17.52956435492485
-19.385061417563133
-22.510109102006563
-26.514076447699704
-31.00633249408713
-31.68993667505913
-28.369573510337986
-21.728847180895706
-13.037308308537423
-6.787212939650568
-2.197299153124285
1.513694972152285
12.646677347981994
44.873731593804834
102.88242923628596
169.87563897154192
198.29404135194935
145.26588845654993
20.45929655909056
-108.15594720378424
-168.02014190890364
-148.0979629205768
-90.38223849851225
-41.5533684290837
-21.338216220340275
-18.799114976729992
-20.16632333867399
-16.55298695353628
-6.787212939650568
2.490272373540856
9.130998702983138
11.377126726176853
10.986495765621424
10.79118028534371
10.009918364232853
10.205233844510566
9.619287403677424
9.81460288395514
13.232623788815136
17.236591134508277
21.533531700617992
23.779659723811704
24.072632944228275
22.90074006256199
19.48271915770199
17.43190661478599
16.748302433813993
18.11551079575799
21.826504921034562
25.049210345616846
28.760204470893417
30.71335927367056
31.103990234225986
31.103990234225986
29.053177691309987
26.807049668116274
24.65857938506142
24.267948424505988
25.24452582589456
23.19371328297856
17.334248874647134
6.494239719233997
-5.615320057984283
-13.81857022964828
-19.775692378118563
-25.342183566033416
-33.44777599755856
-41.943999389639124
-47.412832837415124
-50.34256504158083
-48.877698939497975
-44.77607385366598
-39.893186846723125
-35.49858854047456
-33.252460517280845
-29.150835431448844
-23.291371023117417
-16.84596017395285
-10.10757610437171
-5.420004577706569
-2.0019836728465705
-3.662165255207141
-10.10757610437171
-15.381094071869994
-15.771725032425422
-9.521629663538567
-3.662165255207141
-2.2949568932631417
-4.052796215762569
-6.591897459372854
-5.0293736171511405
-0.537117570763714
4.345769436179141
7.959105821316854
8.154421301594567
7.568474860761425
6.298924238956283
5.127031357289998
5.517662317845426
5.71297779812314
8.349736781872283
11.767757686732281
14.404516670481422
15.771725032425422
14.599832150759136
15.283436331731137
17.724879835202564
20.45929655909056
20.84992751964599
14.892805371175708
5.810635538261997
-5.127031357289998
-15.576409552147707
-23.48668650339513
-31.885252155336843
-42.04165712977798
-51.22148470283055
-46.04562447547112
-20.45929655909056
9.521629663538567
29.2484931715877
34.131380178530556
29.346150911726557
18.799114976729992
6.201266498817426
4.150453955901427
21.14290074006256
63.526359960326545
127.00389105058366
177.29762722209506
165.28572518501565
68.99519340810254
-67.23735408560312
-167.6295109483482
-192.4345769436179
-155.3246356908522
-101.31990539406424
-62.2568093385214
-42.92057679102769
-36.768139162279695
-33.252460517280845
-28.467231250476843
-21.14290074006256
-13.13496604867628
-10.400549324788281
-11.08415350576028
-12.549019607843137
-10.302891584649425
-2.8809033340962844
4.248111696040284
8.838025482566568
8.838025482566568
7.568474860761425
9.42397192339971
11.377126726176853
12.256046387426567
9.912260624093996
7.373159380483711
8.838025482566568
12.256046387426567
16.260013733119706
18.506141756313422
21.533531700617992
27.49065384908827
32.764171816586554
35.98687724116884
35.98687724116884
34.81498435950255
34.52201113908598
33.44777599755856
32.86182955672541
29.834439612420844
24.072632944228275
17.82253757534142
10.205233844510566
2.197299153124285
-7.763790341039139
-18.799114976729992
-29.346150911726557
-39.79552910658427
-45.16670481422141
-44.873731593804834
-40.57679102769512
-33.93606469825284
-29.443808651865414
-27.002365148393988
-26.709391927977418
-25.830472266727703
-21.14290074006256
-14.50217441062028
-5.71297779812314
0.6347753109025711
2.9785610742351416
2.2949568932631417
-1.8066681925688564
-5.420004577706569
-7.080186160067139
-6.39658197909514
-3.7598229953459983
-0.6347753109025711
5.224689097428855
10.888838025482567
15.967040512703136
21.826504921034562
22.510109102006563
15.283436331731137
3.466849774929427
-2.5879301136797133
1.7090104524299992
10.009918364232853
16.45532921339742
15.674067292286564
9.81460288395514
5.0293736171511405
2.9785610742351416
5.127031357289998
7.177843900205997
6.005951018539712
4.150453955901427
6.884870679789426
16.55298695353628
22.412451361867703
17.920195315480278
8.545052262149996
-0.34180209048599985
-4.052796215762569
-4.248111696040284
-5.127031357289998
-10.79118028534371
-21.045242999923705
-27.002365148393988
-27.881284809643702
-26.514076447699704
-25.049210345616846
-25.830472266727703
-24.756237125200276
-19.971007858396277
-11.377126726176853
1.2207217517357138
21.43587396047913
59.522392614633404
113.42946517128252
161.67238879987792
166.45761806668193
96.92530708781567
-26.318760967421987
-139.79705500877392
-187.74700541695276
-164.89509422446022
-106.98405432211796
-51.22148470283055
-19.678034637979707
-10.10757610437171
-7.080186160067139
-2.68558785381857
5.517662317845426
13.13496604867628
17.627222095063708
19.48271915770199
19.87335011825742
23.096055542839704
27.002365148393988
29.443808651865414
29.443808651865414
23.779659723811704
17.236591134508277
15.674067292286564
21.14290074006256
28.174258030060273
29.346150911726557
26.514076447699704
20.752269779507134
15.088120851453422
11.279468986037996
4.931715877012284
-2.197299153124285
-7.470817120622568
-11.865415426871138
-19.092088197146563
-27.295338368810558
-26.61173418783856
-16.45532921339742
-1.6113527122911422
13.427939269092851
22.119478141451133
22.705424582284277
17.334248874647134
10.400549324788281
3.1738765545128556
-4.443427176317998
-9.912260624093996
-16.16235599298085
-23.291371023117417
-26.90470740825513
-27.97894254978256
-27.392996108949415
-26.807049668116274
-26.709391927977418
-27.588311589227132
-28.467231250476843
-22.998397802700847
-13.13496604867628
-2.5879301136797133
7.959105821316854
16.45532921339742
24.756237125200276
33.545433737697415
42.33463035019455
49.26832990005341
52.588693064774546
53.85824368657969
49.951934081025406
43.018234531166556
40.96742198825055
45.069047074082555
51.80743114366369
54.15121690699626
51.80743114366369
49.85427634088655
51.22148470283055
54.54184786755169
51.416800183108265
41.065079728389414
29.834439612420844
19.18974593728542
12.353704127565424
10.205233844510566
12.353704127565424
17.43190661478599
23.779659723811704
29.736781872281988
29.2484931715877
24.95155260547799
23.87731746395056
23.291371023117417
18.60379949645228
8.44739452201114
-3.7598229953459983
-16.16235599298085
-29.9320973525597
-42.236972610055695
-52.19806210421912
-56.88563363088426
-54.932478828107115
-51.123826962691695
-45.362020294499125
-36.67048142214084
-25.342183566033416
-15.967040512703136
-13.037308308537423
-8.642710002288853
6.982528419928283
39.11192492561227
84.22980086976425
125.83199816891737
141.45723659113452
108.44892042420081
24.560921644922562
-79.15159838254368
-157.8637369344625
-182.6688029297322
-160.69581139848935
-115.48027771419852
-71.24132143129626
-46.14328221560998
-40.28381780727855
-42.43228809033341
-38.1353475242237
-22.314793621728846
-4.150453955901427
6.787212939650568
4.736400396734569
-3.8574807354848555
-6.6895551995117115
-1.513694972152285
7.177843900205997
14.013885709925994
21.045242999923705
29.443808651865414
32.471198596169984
29.2484931715877
22.90074006256199
18.799114976729992
18.799114976729992
18.017853055619135
15.576409552147707
12.549019607843137
13.525597009231708
20.361638818951704
27.97894254978256
32.764171816586554
31.00633249408713
25.63515678644999
24.4632639047837
28.174258030060273
34.81498435950255
40.186160067139696
41.45571068894484
34.61966887922484
16.650644693675137
-4.150453955901427
-18.89677271686885
-22.314793621728846
-17.920195315480278
-17.724879835202564
-25.439841306172273
-36.768139162279695
-42.33463035019455
-39.11192492561227
-32.178225375753414
-22.60776684214542
-13.232623788815136
-8.545052262149996
-10.400549324788281
-16.650644693675137
-18.994430457007706
-14.990463111314565
-4.931715877012284
8.44739452201114
16.748302433813993
15.088120851453422
4.345769436179141
-5.322346837567712
-4.931715877012284
1.2207217517357138
4.248111696040284
-1.2207217517357138
-7.470817120622568
-4.248111696040284
4.052796215762569
9.033340962844282
6.6895551995117115
2.783245593957427
3.662165255207141
6.298924238956283
8.44739452201114
8.05676356145571
6.787212939650568
6.6895551995117115
6.787212939650568
9.130998702983138
13.232623788815136
19.678034637979707
29.63912413214313
39.11192492561227
45.069047074082555
43.99481193255512
36.768139162279695
25.537499046311133
8.838025482566568
-10.10757610437171
-27.1976806286717
-35.49858854047456
-33.3501182574197
-27.97894254978256
-23.096055542839704
-21.728847180895706
-23.779659723811704
-26.709391927977418
-27.68596932936599
-22.21713588158999
-13.623254749370565
-7.177843900205997
-1.3183794918745708
13.916227969787137
53.36995498588541
109.23018234531166
141.45723659113452
107.37468528267338
7.080186160067139
-104.73792629892424
-170.75455863279163
-170.65690089265277
-124.56244754711223
-69.77645532921339
-30.22507057297627
-12.549019607843137
-7.177843900205997
-1.8066681925688564
4.345769436179141
8.545052262149996
7.373159380483711
5.420004577706569
9.033340962844282
14.599832150759136
15.967040512703136
10.498207064927138
6.005951018539712
9.130998702983138
14.697489890897993
20.45929655909056
30.22507057297627
46.533913176165406
56.29968719005112
38.91660944533455
0.6347753109025711
-28.760204470893417
-24.65857938506142
3.36919203479057
23.48668650339513
22.998397802700847
15.869382772564279
20.752269779507134
33.545433737697415
33.05714503700313
17.334248874647134
3.36919203479057
3.8574807354848555
11.377126726176853
12.256046387426567
10.498207064927138
13.623254749370565
18.310826276035705
14.990463111314565
-0.43945983062485694
-18.21316853589685
-30.22507057297627
-35.889219501029984
-38.72129396505684
-41.16273746852827
-37.35408560311284
-27.783627069504846
-20.068665598535134
-20.361638818951704
-27.295338368810558
-31.2993057145037
-28.076600289921416
-16.260013733119706
0.7324330510414282
12.74433508812085
16.16235599298085
12.060730907148852
6.103608758678568
5.0293736171511405
8.935683222705425
11.47478446631571
1.513694972152285
-17.920195315480278
-30.908674753948272
-30.127412832837415
-18.310826276035705
-6.39658197909514
-2.197299153124285
-5.0293736171511405
-8.74036774242771
-4.931715877012284
3.36919203479057
9.228656443121995
10.498207064927138
8.74036774242771
9.619287403677424
11.767757686732281
11.670099946593423
11.572442206454566
15.185778591592278
23.291371023117417
26.709391927977418
21.045242999923705
12.549019607843137
6.39658197909514
5.127031357289998
5.517662317845426
5.615320057984283
3.076218814373999
-8.74036774242771
-28.857862211032273
-47.51049057755398
-52.97932402532997
-46.826886396581976
-42.04165712977798
-39.20958266575113
-32.37354085603113
-20.947585259784848
-9.326314183260854
1.1230640115968566
18.799114976729992
48.19409475852598
90.18692301823454
131.98443579766536
136.86732280460822
72.41321431296254
-49.85427634088655
-162.94193942168306
-202.20035095750362
-167.04356450751507
-102.98008697642481
-53.467612726024264
-27.588311589227132
-15.283436331731137
-9.912260624093996
-5.0293736171511405
2.392614633401999
13.427939269092851
24.4632639047837
27.49065384908827
21.14290074006256
9.81460288395514
2.197299153124285
2.392614633401999
4.345769436179141
8.05676356145571
13.720912489509422
18.017853055619135
16.748302433813993
10.595864805065995
7.470817120622568
8.44739452201114
11.572442206454566
15.381094071869994
15.967040512703136
13.81857022964828
10.498207064927138
10.009918364232853
13.720912489509422
16.84596017395285
19.48271915770199
22.60776684214542
27.588311589227132
33.3501182574197
34.61966887922484
29.541466392004274
16.84596017395285
2.2949568932631417
-6.005951018539712
-8.642710002288853
-9.71694514381628
-14.795147631036851
-24.65857938506142
-35.69390402075227
-44.48310063324941
-46.63157091630426
-46.240939955748836
-47.705806057831694
-47.51049057755398
-40.67444876783398
-26.61173418783856
-14.795147631036851
-10.400549324788281
-9.326314183260854
-7.666132600900283
-3.5645075150682843
-0.34180209048599985
1.9043259327077133
6.591897459372854
11.865415426871138
15.674067292286564
14.209201190203707
9.619287403677424
7.666132600900283
9.033340962844282
12.84199282825971
14.599832150759136
12.939650568398566
9.81460288395514
3.662165255207141
-3.9551384756237127
-10.693522545204852
-12.158388647287708
-6.591897459372854
-0.04882887006942855
3.466849774929427
2.392614633401999
0.04882887006942855
1.2207217517357138
5.127031357289998
11.377126726176853
17.52956435492485
21.24055848020142
21.24055848020142
17.334248874647134
13.525597009231708
7.959105821316854
-2.392614633401999
-17.52956435492485
-36.27985046158541
-51.709773403524835
-58.643472953383686
-55.81139848935683
-48.291752498664835
-42.04165712977798
-34.424353398947126
-25.732814526588847
-18.21316853589685
-11.47478446631571
-4.443427176317998
9.81460288395514
40.186160067139696
96.43701838712138
174.66086823834593
236.38056000610362
225.4428931105516
114.60135805294881
-50.24490730144198
-179.83672846570533
-218.99748226138703
-177.6882581826505
-106.78873884184024
-49.56130312046998
-20.068665598535134
-11.377126726176853
-7.275501640344854
-0.8300907911802854
6.591897459372854
12.939650568398566
17.041275654230564
21.728847180895706
24.4632639047837
23.19371328297856
20.84992751964599
19.58037689784085
21.63118944075685
22.803082322423133
20.45929655909056
18.017853055619135
18.21316853589685
22.021820401312276
26.416418707560844
31.68993667505913
39.5025558861677
45.16670481422141
44.580758373388264
35.20561532005799
21.14290074006256
10.986495765621424
8.252079041733426
14.599832150759136
25.342183566033416
35.303273060196844
40.96742198825055
39.5025558861677
34.61966887922484
28.174258030060273
20.55695429922942
13.13496604867628
5.420004577706569
-0.6347753109025711
-6.201266498817426
-11.181811245899137
-14.990463111314565
-19.678034637979707
-24.853894865339132
-31.592278934920273
-36.86579690241855
-36.0845349813077
-33.05714503700313
-33.545433737697415
-40.67444876783398
-46.826886396581976
-42.62760357061112
-29.9320973525597
-14.990463111314565
-6.884870679789426
-8.74036774242771
-15.088120851453422
-20.16632333867399
-19.18974593728542
-14.697489890897993
-8.935683222705425
-1.513694972152285
5.71297779812314
12.158388647287708
13.525597009231708
11.279468986037996
12.549019607843137
17.236591134508277
19.092088197146563
12.74433508812085
4.931715877012284
6.005951018539712
13.81857022964828
21.045242999923705
19.678034637979707
10.595864805065995
3.466849774929427
4.150453955901427
11.670099946593423
17.724879835202564
20.361638818951704
24.65857938506142
29.346150911726557
31.68993667505913
28.857862211032273
23.19371328297856
18.506141756313422
13.13496604867628
6.298924238956283
-3.9551384756237127
-16.45532921339742
-27.1976806286717
-36.182192721446555
-41.065079728389414
-41.651026169222554
-38.33066300450141
-32.95948729686427
-29.736781872281988
-28.27191577019913
-26.61173418783856
-17.236591134508277
11.865415426871138
66.3584344243534
138.13687342641336
189.40718699931335
172.41474021515222
71.24132143129626
-74.65934233615626
-187.84466315709162
-218.02090485999847
-175.6374456397345
-106.8863965819791
-52.6863508049134
-22.998397802700847
-10.986495765621424
-7.177843900205997
-4.736400396734569
-2.392614633401999
1.7090104524299992
4.931715877012284
5.71297779812314
6.39658197909514
8.838025482566568
16.55298695353628
25.049210345616846
27.392996108949415
22.90074006256199
14.404516670481422
6.982528419928283
2.197299153124285
3.5645075150682843
12.646677347981994
21.728847180895706
27.68596932936599
31.787594415197987
35.596246280613414
37.35408560311284
32.6665140764477
25.92813000686656
21.43587396047913
22.21713588158999
28.076600289921416
34.717326619363696
41.74868390936141
45.16670481422141
42.529945830472265
36.0845349813077
26.709391927977418
16.357671473258563
5.0293736171511405
-5.420004577706569
-14.892805371175708
-26.61173418783856
-37.64705882352941
-46.72922865644312
-54.83482108796826
-61.182574196993976
-63.819333180743115
-60.401312275883114
-54.15121690699626
-44.77607385366598
-30.518043793392845
-18.799114976729992
-14.404516670481422
-15.967040512703136
-18.11551079575799
-18.11551079575799
-18.701457236591136
-15.47875181200885
-5.224689097428855
8.154421301594567
15.967040512703136
11.865415426871138
4.541084916456855
1.7090104524299992
1.9043259327077133
3.076218814373999
4.736400396734569
9.71694514381628
14.013885709925994
14.697489890897993
13.916227969787137
12.060730907148852
10.205233844510566
6.005951018539712
-0.24414435034714274
-3.662165255207141
-1.7090104524299992
4.736400396734569
9.326314183260854
10.498207064927138
13.427939269092851
18.11551079575799
24.072632944228275
27.1976806286717
24.65857938506142
18.310826276035705
8.642710002288853
-1.8066681925688564
-14.306858930342566
-27.68596932936599
-38.42832074464027
-46.04562447547112
-47.90112153810941
-44.67841611352712
-39.307240405889985
-33.93606469825284
-31.00633249408713
-28.760204470893417
-27.783627069504846
-25.63515678644999
-11.47478446631571
26.709391927977418
97.90188448920424
185.11024643320363
241.55642023346303
213.2356755931945
83.4485389486534
-88.72205691615167
-209.3293659876402
-228.86091401541162
-173.87960631723507
-106.00747692072939
-59.815365835049974
-36.768139162279695
-24.365606164644845
-13.525597009231708
-6.103608758678568
-3.1738765545128556
-4.931715877012284
-6.201266498817426
-2.68558785381857
2.392614633401999
7.959105821316854
11.47478446631571
11.572442206454566
10.888838025482567
11.279468986037996
14.892805371175708
18.701457236591136
21.43587396047913
25.537499046311133
29.2484931715877
32.471198596169984
34.131380178530556
34.22903791866941
33.545433737697415
31.00633249408713
30.127412832837415
32.37354085603113
36.475165941863125
38.91660944533455
35.49858854047456
30.71335927367056
27.295338368810558
24.072632944228275
21.045242999923705
17.52956435492485
15.771725032425422
13.037308308537423
5.224689097428855
-7.763790341039139
-24.072632944228275
-34.61966887922484
-34.0337224383917
-24.756237125200276
-18.701457236591136
-30.71335927367056
-56.006713969634546
-76.51483939879454
-77.97970550087739
-61.96383611810483
-41.74868390936141
-23.58434424353399
-10.986495765621424
-4.931715877012284
-3.2715342946517127
-5.420004577706569
-6.103608758678568
-3.8574807354848555
-1.0254062714579995
-0.04882887006942855
-2.2949568932631417
-1.8066681925688564
3.2715342946517127
10.205233844510566
16.260013733119706
18.40848401617456
19.385061417563133
21.24055848020142
25.146868085755703
30.811017013809415
33.93606469825284
35.889219501029984
36.27985046158541
34.52201113908598
32.08056763561456
28.66254673075456
26.123445487144274
25.24452582589456
27.783627069504846
34.131380178530556
38.42832074464027
40.28381780727855
41.358052948805984
43.604180971999696
46.240939955748836
43.21355001144427
34.91264209964141
24.756237125200276
16.45532921339742
10.302891584649425
1.0254062714579995
-10.79118028534371
-24.17029068436713
-36.86579690241855
-45.85030899519341
-50.83085374227512
-49.073014419775696
-42.43228809033341
-34.0337224383917
-26.807049668116274
-25.732814526588847
-26.025787747005417
-16.45532921339742
18.310826276035705
88.91737239642939
173.19600213626308
223.1967650873579
198.00106813153278
85.79232471198596
-71.63195239185168
-188.43060959792479
-207.76684214541848
-151.22301060502022
-79.63988708323797
-35.20561532005799
-21.338216220340275
-18.40848401617456
-16.84596017395285
-14.306858930342566
-8.74036774242771
-5.127031357289998
-4.248111696040284
-4.736400396734569
-6.6895551995117115
-10.693522545204852
-16.84596017395285
-21.14290074006256
-25.049210345616846
-29.541466392004274
-31.494621194781413
-31.201647974364842
-26.318760967421987
-18.506141756313422
-11.963073167009995
-7.275501640344854
-4.052796215762569
0.43945983062485694
4.834058136873426
8.545052262149996
13.13496604867628
16.943617914091707
23.291371023117417
32.95948729686427
42.236972610055695
48.78004119935912
50.44022278171969
49.17067215991455
45.069047074082555
39.014267185473415
33.44777599755856
27.588311589227132
24.072632944228275
21.338216220340275
15.088120851453422
4.052796215762569
-10.986495765621424
-23.682001983672848
-31.201647974364842
-33.838406958113985
-33.545433737697415
-34.424353398947126
-33.05714503700313
-28.66254673075456
-24.4632639047837
-22.119478141451133
-22.510109102006563
-21.533531700617992
-17.920195315480278
-12.158388647287708
-4.931715877012284
-0.7324330510414282
1.6113527122911422
3.7598229953459983
5.810635538261997
7.861448081177996
7.666132600900283
6.6895551995117115
5.517662317845426
5.224689097428855
7.470817120622568
9.521629663538567
13.037308308537423
16.84596017395285
18.017853055619135
15.674067292286564
9.326314183260854
3.5645075150682843
0.04882887006942855
-1.3183794918745708
-0.8300907911802854
-0.04882887006942855
3.5645075150682843
9.130998702983138
14.306858930342566
19.775692378118563
24.560921644922562
28.95551995117113
30.127412832837415
26.416418707560844
20.361638818951704
13.427939269092851
8.252079041733426
1.1230640115968566
-11.181811245899137
-25.24452582589456
-38.33066300450141
-46.33859769588769
-49.073014419775696
-47.11985961699855
-41.065079728389414
-34.91264209964141
-28.174258030060273
-22.803082322423133
-20.068665598535134
-11.279468986037996
18.11551079575799
84.91340505073624
176.80933852140078
238.33371480888076
206.10666056305791
69.38582436865796
-101.12458991378652
-212.16144045166706
-220.75532158388648
-157.08247501335165
-84.91340505073624
-41.84634164950027
-29.346150911726557
-30.029755092698558
-28.66254673075456
-23.682001983672848
-13.81857022964828
-1.0254062714579995
10.009918364232853
17.334248874647134
19.775692378118563
20.361638818951704
18.89677271686885
16.748302433813993
17.13893339436942
17.920195315480278
20.654612039368278
26.22110322728313
32.37354085603113
36.27985046158541
34.32669565880827
29.9320973525597
25.63515678644999
23.48668650339513
25.146868085755703
27.392996108949415
30.811017013809415
34.22903791866941
36.475165941863125
38.03768978408484
37.74471656366827
37.64705882352941
37.94003204394598
37.549401083390556
36.57282368200198
32.86182955672541
27.68596932936599
19.678034637979707
8.74036774242771
-2.2949568932631417
-14.892805371175708
-27.49065384908827
-38.72129396505684
-47.80346379797055
-53.95590142671855
-58.74113069352254
-58.25284199282826
-52.78400854505226
-47.51049057755398
-43.99481193255512
-42.33463035019455
-38.525978484779124
-32.471198596169984
-25.24452582589456
-16.55298695353628
-10.595864805065995
-7.080186160067139
-5.71297779812314
-5.517662317845426
-4.541084916456855
-4.443427176317998
-4.345769436179141
-4.345769436179141
-3.1738765545128556
0.8300907911802854
4.443427176317998
7.861448081177996
10.986495765621424
11.963073167009995
10.693522545204852
6.39658197909514
3.7598229953459983
5.322346837567712
8.642710002288853
10.79118028534371
7.177843900205997
2.490272373540856
0.9277485313191425
3.8574807354848555
10.693522545204852
16.650644693675137
20.84992751964599
23.19371328297856
25.24452582589456
28.174258030060273
28.564888990615703
26.61173418783856
22.314793621728846
15.869382772564279
9.130998702983138
0.9277485313191425
-7.275501640344854
-16.748302433813993
-28.66254673075456
-40.67444876783398
-50.73319600213626
-52.881666285191116
-47.0222018768597
-37.94003204394598
-28.857862211032273
-23.87731746395056
-20.84992751964599
-13.525597009231708
11.279468986037996
69.38582436865796
152.78553444724193
217.0443274586099
198.1963836118105
77.4914168001831
-83.6438544289311
-195.07133592736704
-208.35278858625162
-149.95345998321508
-78.76096742198825
-32.471198596169984
-17.920195315480278
-18.40848401617456
-18.60379949645228
-14.11154345006485
-7.080186160067139
-3.36919203479057
-2.392614633401999
-2.783245593957427
-2.0996414129854277
1.6113527122911422
5.224689097428855
9.326314183260854
14.209201190203707
18.310826276035705
22.021820401312276
23.48668650339513
24.267948424505988
24.267948424505988
24.4632639047837
27.100022888532845
29.443808651865414
32.471198596169984
35.4009308003357
36.475165941863125
36.37750820172427
34.424353398947126
33.44777599755856
32.86182955672541
31.2993057145037
29.736781872281988
27.588311589227132
26.807049668116274
25.63515678644999
21.24055848020142
15.088120851453422
6.39658197909514
-2.490272373540856
-10.79118028534371
-18.60379949645228
-24.65857938506142
-30.811017013809415
-35.49858854047456
-39.5025558861677
-43.40886549172198
-44.77607385366598
-44.48310063324941
-41.943999389639124
-39.11192492561227
-37.256427862973986
-34.22903791866941
-30.420386053253985
-22.803082322423133
-12.84199282825971
-4.834058136873426
-0.43945983062485694
-1.7090104524299992
-4.443427176317998
-5.0293736171511405
-2.0019836728465705
3.7598229953459983
6.982528419928283
9.130998702983138
11.963073167009995
13.916227969787137
14.404516670481422
11.865415426871138
10.009918364232853
10.693522545204852
12.256046387426567
13.916227969787137
12.84199282825971
12.158388647287708
12.353704127565424
11.279468986037996
9.130998702983138
5.420004577706569
4.150453955901427
6.39658197909514
10.302891584649425
14.209201190203707
15.381094071869994
18.017853055619135
24.560921644922562
31.00633249408713
32.56885633630884
24.560921644922562
11.279468986037996
-2.392614633401999
-14.209201190203707
-22.60776684214542
-30.029755092698558
-35.69390402075227
-41.16273746852827
-47.11985961699855
-50.34256504158083
-50.635538261997404
-47.21751735713741
-41.651026169222554
-35.98687724116884
-29.834439612420844
-22.705424582284277
-3.9551384756237127
39.69787136644541
112.64820325017166
191.84863050278477
219.19279774166475
151.0276951247425
5.908293278400855
-137.1602960250248
-202.0050354772259
-177.59060044251163
-107.27702754253453
-43.89715419241627
-11.767757686732281
-4.541084916456855
-9.326314183260854
-13.81857022964828
-14.11154345006485
-10.888838025482567
-3.8574807354848555
3.36919203479057
10.986495765621424
17.236591134508277
19.87335011825742
21.14290074006256
20.752269779507134
20.654612039368278
20.16632333867399
18.89677271686885
18.60379949645228
18.11551079575799
19.287403677424276
21.728847180895706
23.19371328297856
23.87731746395056
21.338216220340275
18.701457236591136
18.310826276035705
20.947585259784848
26.22110322728313
30.127412832837415
32.95948729686427
34.0337224383917
32.56885633630884
30.322728313115128
25.92813000686656
21.63118944075685
18.89677271686885
17.13893339436942
15.381094071869994
10.400549324788281
2.8809033340962844
-6.884870679789426
-18.11551079575799
-26.318760967421987
-32.178225375753414
-35.69390402075227
-38.03768978408484
-39.99084458686198
-40.772106507972836
-42.822919050888835
-42.822919050888835
-38.72129396505684
-31.494621194781413
-21.92416266117342
-14.404516670481422
-8.935683222705425
-5.71297779812314
-4.248111696040284
-2.197299153124285
-0.34180209048599985
3.5645075150682843
8.642710002288853
11.963073167009995
13.427939269092851
11.767757686732281
9.81460288395514
8.545052262149996
8.154421301594567
9.521629663538567
9.81460288395514
10.79118028534371
12.158388647287708
11.47478446631571
9.033340962844282
3.7598229953459983
-0.43945983062485694
-2.392614633401999
-2.783245593957427
-1.1230640115968566
-0.04882887006942855
3.1738765545128556
9.42397192339971
16.748302433813993
24.756237125200276
31.103990234225986
36.57282368200198
38.525978484779124
33.252460517280845
23.096055542839704
11.377126726176853
2.5879301136797133
-4.541084916456855
-12.646677347981994
-20.55695429922942
-30.127412832837415
-39.79552910658427
-47.21751735713741
-49.951934081025406
-46.04562447547112
-39.307240405889985
-30.127412832837415
-21.24055848020142
-16.55298695353628
-13.81857022964828
-6.103608758678568
20.947585259784848
76.22186617837797
146.73075455863278
191.94628824292363
164.40680552376594
59.42473487449455
-72.12024109254597
-158.44968337529565
-164.11383230334937
-116.55451285572595
-62.84275577935454
-31.592278934920273
-23.291371023117417
-23.682001983672848
-24.95155260547799
-21.14290074006256
-12.74433508812085
-5.0293736171511405
-0.43945983062485694
0.34180209048599985
2.197299153124285
6.982528419928283
15.088120851453422
27.1976806286717
37.256427862973986
41.065079728389414
35.69390402075227
23.291371023117417
12.45136186770428
6.201266498817426
4.931715877012284
4.736400396734569
4.638742656595713
7.470817120622568
11.767757686732281
17.82253757534142
24.4632639047837
29.2484931715877
32.471198596169984
32.86182955672541
33.3501182574197
34.717326619363696
34.22903791866941
31.00633249408713
24.65857938506142
19.48271915770199
15.674067292286564
11.279468986037996
6.982528419928283
0.14648661020828566
-8.642710002288853
-19.092088197146563
-29.443808651865414
-35.889219501029984
-39.40489814602884
-40.08850232700084
-40.86976424811169
-43.50652323186084
-44.580758373388264
-43.50652323186084
-39.69787136644541
-34.52201113908598
-28.857862211032273
-21.63118944075685
-15.47875181200885
-9.130998702983138
-3.2715342946517127
-1.416037232013428
-3.5645075150682843
-8.252079041733426
-7.959105821316854
-1.2207217517357138
5.71297779812314
7.568474860761425
2.490272373540856
-1.0254062714579995
1.1230640115968566
5.0293736171511405
7.568474860761425
6.6895551995117115
5.615320057984283
4.931715877012284
2.0996414129854277
-2.5879301136797133
-8.642710002288853
-10.302891584649425
-6.201266498817426
-0.34180209048599985
4.931715877012284
5.420004577706569
2.490272373540856
0.04882887006942855
2.197299153124285
10.498207064927138
19.385061417563133
26.90470740825513
31.201647974364842
30.615701533531702
27.1976806286717
19.48271915770199
8.935683222705425
-2.5879301136797133
-13.427939269092851
-20.55695429922942
-27.295338368810558
-33.3501182574197
-37.74471656366827
-39.79552910658427
-37.256427862973986
-33.64309147783627
-30.322728313115128
-28.95551995117113
-27.97894254978256
-18.60379949645228
7.568474860761425
60.30365453574426
135.20714122224766
202.0050354772259
210.69657434958418
124.1718165865568
-27.97894254978256
-163.62554360265506
-217.9232471198596
-189.40718699931335
-124.95307850766766
-66.74906538490883
-34.0337224383917
-25.049210345616846
-25.146868085755703
-23.87731746395056
-15.283436331731137
-2.490272373540856
7.373159380483711
13.037308308537423
13.427939269092851
12.256046387426567
10.595864805065995
7.861448081177996
7.861448081177996
10.498207064927138
15.771725032425422
21.533531700617992
26.123445487144274
30.029755092698558
29.443808651865414
26.025787747005417
23.096055542839704
22.998397802700847
27.97894254978256
34.717326619363696
41.45571068894484
44.97138933394369
43.50652323186084
40.67444876783398
38.33066300450141
39.5025558861677
42.236972610055695
42.13931486991684
38.1353475242237
28.076600289921416
15.967040512703136
6.298924238956283
-0.04882887006942855
-4.345769436179141
-10.498207064927138
-17.041275654230564
-23.291371023117417
-29.346150911726557
-33.15480277714199
-36.27985046158541
-37.94003204394598
-38.23300526436255
-37.84237430380713
-35.596246280613414
-32.6665140764477
-27.100022888532845
-20.263981078812847
-16.84596017395285
-16.064698252841993
-16.55298695353628
-13.81857022964828
-7.568474860761425
-1.0254062714579995
3.8574807354848555
4.541084916456855
4.638742656595713
6.39658197909514
8.642710002288853
11.08415350576028
10.302891584649425
7.959105821316854
6.005951018539712
6.005951018539712
8.545052262149996
9.42397192339971
10.10757610437171
10.888838025482567
9.42397192339971
6.6895551995117115
3.076218814373999
1.9043259327077133
2.0996414129854277
0.34180209048599985
-1.416037232013428
-2.2949568932631417
1.0254062714579995
8.05676356145571
14.697489890897993
20.45929655909056
23.291371023117417
25.732814526588847
28.369573510337986
28.174258030060273
24.65857938506142
17.334248874647134
9.81460288395514
2.392614633401999
-5.71297779812314
-13.037308308537423
-21.728847180895706
-31.2993057145037
-40.08850232700084
-45.85030899519341
-46.240939955748836
-44.09246967269398
-38.72129396505684
-31.787594415197987
-26.90470740825513
-23.682001983672848
-19.678034637979707
-3.9551384756237127
35.10795757991913
99.17143511100939
167.92248416876478
194.4853894865339
139.6017395284962
10.79118028534371
-125.63668268863965
-194.2900740062562
-179.15312428473334
-118.89829861905852
-62.84275577935454
-32.178225375753414
-19.385061417563133
-14.306858930342566
-8.44739452201114
-0.8300907911802854
5.0293736171511405
9.228656443121995
11.08415350576028
12.74433508812085
13.525597009231708
11.670099946593423
9.81460288395514
8.838025482566568
12.45136186770428
19.385061417563133
23.48668650339513
23.096055542839704
18.994430457007706
17.334248874647134
19.971007858396277
23.096055542839704
24.4632639047837
22.021820401312276
20.947585259784848
23.779659723811704
26.90470740825513
27.783627069504846
24.072632944228275
19.287403677424276
16.55298695353628
15.185778591592278
14.990463111314565
13.427939269092851
13.720912489509422
16.84596017395285
19.678034637979707
20.45929655909056
16.45532921339742
10.302891584649425
4.443427176317998
-1.513694972152285
-8.05676356145571
-17.334248874647134
-24.560921644922562
-27.49065384908827
-29.443808651865414
-31.494621194781413
-35.303273060196844
-37.15877012283513
-35.69390402075227
-31.201647974364842
-22.60776684214542
-14.599832150759136
-8.838025482566568
-6.005951018539712
-6.103608758678568
-5.322346837567712
-3.1738765545128556
1.2207217517357138
6.201266498817426
8.154421301594567
8.154421301594567
5.517662317845426
3.36919203479057
3.076218814373999
3.5645075150682843
5.908293278400855
7.568474860761425
8.349736781872283
7.373159380483711
3.7598229953459983
0.04882887006942855
-4.248111696040284
-5.615320057984283
-4.248111696040284
-3.36919203479057
-2.783245593957427
-3.1738765545128556
-1.513694972152285
2.0019836728465705
5.0293736171511405
7.959105821316854
10.986495765621424
18.11551079575799
27.881284809643702
33.64309147783627
33.05714503700313
25.830472266727703
16.748302433813993
7.861448081177996
-1.3183794918745708
-9.71694514381628
-19.092088197146563
-27.49065384908827
-33.93606469825284
-38.818951705195694
-40.772106507972836
-41.943999389639124
-40.479133287556266
-36.27985046158541
-31.9829098954757
-26.90470740825513
-19.18974593728542
1.8066681925688564
48.584725719081405
121.73037308308537
193.8017853055619
206.7902647440299
125.34370946822308
-20.068665598535134
-151.32066834515908
-203.27458609903104
-174.75852597848478
-109.23018234531166
-53.17463950560769
-26.22110322728313
-20.263981078812847
-22.510109102006563
-22.412451361867703
-17.52956435492485
-10.79118028534371
-3.7598229953459983
0.14648661020828566
3.2715342946517127
7.470817120622568
11.865415426871138
17.041275654230564
20.654612039368278
23.096055542839704
23.779659723811704
22.314793621728846
22.021820401312276
22.705424582284277
25.732814526588847
29.736781872281988
31.2993057145037
31.00633249408713
28.95551995117113
28.95551995117113
31.592278934920273
34.0337224383917
35.98687724116884
36.182192721446555
36.67048142214084
37.4517433432517
36.86579690241855
35.49858854047456
30.615701533531702
24.560921644922562
20.361638818951704
16.55298695353628
12.45136186770428
6.298924238956283
1.0254062714579995
-3.1738765545128556
-9.42397192339971
-17.13893339436942
-26.416418707560844
-33.93606469825284
-38.1353475242237
-39.99084458686198
-39.307240405889985
-39.40489814602884
-38.33066300450141
-35.303273060196844
-32.27588311589227
-28.857862211032273
-26.416418707560844
-22.803082322423133
-17.82253757534142
-12.74433508812085
-6.494239719233997
-1.7090104524299992
2.392614633401999
6.6895551995117115
9.42397192339971
10.888838025482567
9.130998702983138
7.177843900205997
6.591897459372854
5.420004577706569
3.9551384756237127
0.24414435034714274
-2.8809033340962844
-3.9551384756237127
-3.9551384756237127
-2.783245593957427
-3.076218814373999
-3.662165255207141
-3.7598229953459983
-3.36919203479057
-1.1230640115968566
1.0254062714579995
5.615320057984283
13.720912489509422
22.60776684214542
30.029755092698558
32.764171816586554
34.0337224383917
35.010299839780274
32.471198596169984
25.732814526588847
14.404516670481422
2.783245593957427
-7.666132600900283
-17.041275654230564
-22.803082322423133
-26.90470740825513
-30.908674753948272
-35.889219501029984
-41.065079728389414
-42.33463035019455
-40.38147554741741
-33.838406958113985
-24.267948424505988
-16.943617914091707
-13.13496604867628
-10.888838025482567
0.34180209048599985
32.86182955672541
90.18692301823454
156.69184405279623
187.6493476768139
142.04318303196766
24.4632639047837
-103.37071793698024
-170.46158541237506
-161.4770733196002
-110.20675974670024
-61.37788967727169
-36.182192721446555
-28.760204470893417
-28.95551995117113
-27.100022888532845
-20.84992751964599
-13.427939269092851
-4.834058136873426
2.2949568932631417
7.763790341039139
9.81460288395514
7.763790341039139
6.005951018539712
5.420004577706569
9.912260624093996
19.678034637979707
29.443808651865414
35.98687724116884
36.67048142214084
34.81498435950255
33.3501182574197
32.27588311589227
32.08056763561456
29.834439612420844
27.783627069504846
28.66254673075456
32.08056763561456
37.35408560311284
39.307240405889985
37.15877012283513
32.08056763561456
26.123445487144274
23.58434424353399
22.60776684214542
21.338216220340275
16.55298695353628
8.154421301594567
0.6347753109025711
-6.494239719233997
-12.45136186770428
-17.920195315480278
-25.92813000686656
-36.27985046158541
-47.51049057755398
-53.467612726024264
-53.66292820630198
-53.17463950560769
-53.36995498588541
-54.15121690699626
-50.635538261997404
-41.5533684290837
-29.541466392004274
-17.041275654230564
-9.033340962844282
-3.466849774929427
0.7324330510414282
1.7090104524299992
1.513694972152285
2.0996414129854277
6.494239719233997
12.646677347981994
16.84596017395285
20.654612039368278
22.021820401312276
20.654612039368278
16.45532921339742
10.205233844510566
6.6895551995117115
5.517662317845426
6.298924238956283
6.298924238956283
3.466849774929427
1.2207217517357138
-0.43945983062485694
0.8300907911802854
5.517662317845426
9.71694514381628
10.10757610437171
3.8574807354848555
-3.2715342946517127
-5.908293278400855
-3.466849774929427
2.783245593957427
8.838025482566568
16.064698252841993
24.4632639047837
29.053177691309987
26.318760967421987
14.013885709925994
-1.513694972152285
-14.209201190203707
-22.412451361867703
-25.92813000686656
-29.541466392004274
-34.32669565880827
-39.893186846723125
-44.67841611352712
-43.99481193255512
-38.1353475242237
-27.588311589227132
-17.041275654230564
-13.427939269092851
-16.260013733119706
-18.017853055619135
1.9043259327077133
60.79194323643854
149.6604867627985
222.80613412680248
214.40756847486077
103.66369115739681
-56.690318150606544
-180.81330586709393
-216.06775005722133
-177.29762722209506
-111.28099488822767
-56.88563363088426
-28.27191577019913
-18.40848401617456
-17.82253757534142
-16.84596017395285
-12.060730907148852
-5.127031357289998
3.9551384756237127
11.279468986037996
16.357671473258563
18.506141756313422
17.43190661478599
17.041275654230564
17.43190661478599
18.60379949645228
18.60379949645228
16.650644693675137
17.334248874647134
20.263981078812847
24.4632639047837
27.392996108949415
26.807049668116274
26.318760967421987
27.100022888532845
30.127412832837415
32.6665140764477
31.396963454642556
29.053177691309987
27.100022888532845
27.881284809643702
30.420386053253985
32.27588311589227
33.64309147783627
30.811017013809415
24.560921644922562
17.041275654230564
9.033340962844282
1.416037232013428
-7.177843900205997
-14.990463111314565
-21.533531700617992
-28.369573510337986
-34.22903791866941
-40.57679102769512
-45.26436255436027
-46.72922865644312
-45.85030899519341
-42.236972610055695
-39.307240405889985
-35.69390402075227
-30.71335927367056
-25.830472266727703
-20.45929655909056
-16.84596017395285
-14.013885709925994
-10.986495765621424
-8.349736781872283
-4.541084916456855
-1.416037232013428
2.783245593957427
7.959105821316854
10.693522545204852
12.060730907148852
12.256046387426567
13.623254749370565
14.306858930342566
11.08415350576028
6.494239719233997
2.490272373540856
2.490272373540856
5.420004577706569
6.591897459372854
5.127031357289998
0.04882887006942855
-4.345769436179141
-5.908293278400855
-6.39658197909514
-5.322346837567712
-3.466849774929427
1.7090104524299992
9.912260624093996
17.43190661478599
23.87731746395056
27.97894254978256
31.885252155336843
35.79156176089113
35.98687724116884
31.494621194781413
22.21713588158999
13.720912489509422
7.373159380483711
0.04882887006942855
-8.642710002288853
-21.24055848020142
-34.61966887922484
-45.069047074082555
-50.34256504158083
-48.68238345922026
-43.79949645227741
-35.69390402075227
-25.24452582589456
-16.55298695353628
-8.838025482566568
0.8300907911802854
24.267948424505988
71.24132143129626
137.55092698558022
197.7080949111162
204.93476768139163
127.68749523155566
-14.697489890897993
-151.22301060502022
-211.38017853055618
-187.06340123598076
-119.48424505989166
-57.27626459143969
-23.974975204089418
-13.916227969787137
-15.47875181200885
-16.357671473258563
-12.158388647287708
-6.787212939650568
-2.2949568932631417
-0.6347753109025711
0.6347753109025711
2.9785610742351416
5.0293736171511405
8.154421301594567
10.498207064927138
14.599832150759136
21.338216220340275
26.318760967421987
28.467231250476843
26.514076447699704
23.87731746395056
21.533531700617992
18.506141756313422
17.627222095063708
19.18974593728542
24.65857938506142
32.471198596169984
38.1353475242237
41.5533684290837
41.45571068894484
40.28381780727855
39.20958266575113
36.86579690241855
34.52201113908598
31.103990234225986
27.783627069504846
23.974975204089418
18.21316853589685
11.963073167009995
3.2715342946517127
-5.420004577706569
-12.549019607843137
-18.60379949645228
-22.803082322423133
-27.100022888532845
-29.834439612420844
-31.592278934920273
-34.424353398947126
-36.37750820172427
-37.4517433432517
-36.27985046158541
-33.74074921797513
-31.396963454642556
-27.295338368810558
-22.803082322423133
-16.45532921339742
-8.642710002288853
-2.783245593957427
1.0254062714579995
2.392614633401999
3.662165255207141
4.345769436179141
2.197299153124285
-0.8300907911802854
-4.248111696040284
-4.345769436179141
-0.43945983062485694
3.466849774929427
6.6895551995117115
6.884870679789426
6.298924238956283
5.71297779812314
4.052796215762569
3.1738765545128556
1.6113527122911422
0.537117570763714
1.0254062714579995
2.197299153124285
5.322346837567712
8.838025482566568
13.81857022964828
19.385061417563133
22.60776684214542
25.63515678644999
29.541466392004274
36.768139162279695
43.604180971999696
43.311207751583126
35.49858854047456
21.14290074006256
6.103608758678568
-6.201266498817426
-16.84596017395285
-25.732814526588847
-35.010299839780274
-42.43228809033341
-45.75265125505455
-45.26436255436027
-40.186160067139696
-33.545433737697415
-26.416418707560844
-21.63118944075685
-20.947585259784848
-18.994430457007706
-8.935683222705425
22.998397802700847
85.6946669718471
163.3325703822385
209.42702372777904
169.09437705043106
42.33463035019455
-102.39414053559167
-185.69619287403677
-179.73907072556648
-121.73037308308537
-61.28023193713283
-24.65857938506142
-12.646677347981994
-12.256046387426567
-14.697489890897993
-14.50217441062028
-12.45136186770428
-10.888838025482567
-7.080186160067139
-2.783245593957427
2.0996414129854277
7.763790341039139
12.549019607843137
16.748302433813993
17.724879835202564
16.55298695353628
14.11154345006485
10.595864805065995
9.42397192339971
9.619287403677424
11.865415426871138
15.674067292286564
18.40848401617456
20.84992751964599
21.338216220340275
21.43587396047913
21.728847180895706
20.752269779507134
19.971007858396277
17.724879835202564
16.260013733119706
17.82253757534142
22.119478141451133
28.66254673075456
31.68993667505913
30.029755092698558
24.4632639047837
14.892805371175708
4.736400396734569
-4.541084916456855
-10.009918364232853
-13.427939269092851
-18.994430457007706
-26.61173418783856
-36.57282368200198
-45.069047074082555
-49.85427634088655
-51.90508888380255
-50.44022278171969
-47.412832837415124
-40.186160067139696
-28.95551995117113
-18.89677271686885
-12.158388647287708
-10.10757610437171
-8.642710002288853
-5.420004577706569
-1.2207217517357138
4.248111696040284
7.275501640344854
8.05676356145571
8.252079041733426
7.373159380483711
7.373159380483711
7.275501640344854
7.861448081177996
8.154421301594567
6.494239719233997
5.908293278400855
6.39658197909514
9.81460288395514
14.990463111314565
16.943617914091707
15.088120851453422
9.228656443121995
3.466849774929427
-0.14648661020828566
-2.0019836728465705
0.24414435034714274
3.9551384756237127
9.033340962844282
15.088120851453422
19.775692378118563
24.17029068436713
27.1976806286717
29.9320973525597
30.127412832837415
23.58434424353399
12.45136186770428
-0.7324330510414282
-11.767757686732281
-19.48271915770199
-26.123445487144274
-32.178225375753414
-41.16273746852827
-50.928511482413974
-57.08094911116198
-57.37392233157855
-50.73319600213626
-41.74868390936141
-31.787594415197987
-22.803082322423133
-17.920195315480278
-13.623254749370565
-2.490272373540856
29.834439612420844
89.40566109712367
155.61760891126877
185.11024643320363
138.9181353475242
27.588311589227132
-90.2845807583734
-153.85976958876935
-144.38696879530022
-94.87449454489968
-46.04562447547112
-19.971007858396277
-16.45532921339742
-21.045242999923705
-24.17029068436713
-19.48271915770199
-8.545052262149996
1.2207217517357138
7.568474860761425
9.326314183260854
9.81460288395514
10.693522545204852
10.79118028534371
11.572442206454566
11.865415426871138
14.306858930342566
19.092088197146563
21.92416266117342
22.21713588158999
19.775692378118563
19.092088197146563
21.43587396047913
24.65857938506142
28.95551995117113
32.08056763561456
35.4009308003357
39.40489814602884
42.72526131074998
45.55733577477684
45.26436255436027
43.311207751583126
41.16273746852827
37.256427862973986
32.37354085603113
25.537499046311133
18.994430457007706
12.84199282825971
5.615320057984283
-1.6113527122911422
-11.08415350576028
-21.43587396047913
-31.592278934920273
-41.5533684290837
-48.68238345922026
-53.95590142671855
-56.006713969634546
-54.639505607690545
-51.123826962691695
-44.38544289311055
-37.549401083390556
-31.494621194781413
-25.732814526588847
-19.971007858396277
-12.74433508812085
-6.982528419928283
-1.2207217517357138
4.931715877012284
7.568474860761425
6.494239719233997
2.9785610742351416
1.1230640115968566
0.04882887006942855
-2.392614633401999
-2.392614633401999
0.43945983062485694
6.39658197909514
12.74433508812085
15.185778591592278
13.720912489509422
7.666132600900283
1.2207217517357138
-2.5879301136797133
-3.2715342946517127
0.04882887006942855
2.0019836728465705
1.8066681925688564
1.1230640115968566
1.1230640115968566
3.8574807354848555
6.884870679789426
10.79118028534371
14.209201190203707
14.795147631036851
15.283436331731137
16.84596017395285
21.338216220340275
26.416418707560844
27.49065384908827
23.779659723811704
13.037308308537423
-0.6347753109025711
-12.549019607843137
-20.654612039368278
-25.439841306172273
-31.9829098954757
-37.94003204394598
-40.38147554741741
-39.99084458686198
-36.37750820172427
-32.178225375753414
-27.295338368810558
-23.87731746395056
-21.826504921034562
-10.986495765621424
20.068665598535134
81.39772640573739
161.4770733196002
215.97009231708248
191.65331502250706
72.21789883268482
-83.35088120851454
-187.94232089723047
-203.5675593194476
-156.78950179293508
-98.6831464103151
-56.006713969634546
-31.396963454642556
-19.18974593728542
-10.986495765621424
-5.0293736171511405
-0.34180209048599985
1.9043259327077133
1.3183794918745708
1.1230640115968566
0.04882887006942855
1.0254062714579995
7.177843900205997
16.260013733119706
25.049210345616846
28.467231250476843
28.369573510337986
27.100022888532845
24.65857938506142
23.58434424353399
22.803082322423133
23.974975204089418
26.416418707560844
26.90470740825513
26.416418707560844
25.732814526588847
27.97894254978256
31.2993057145037
32.471198596169984
33.74074921797513
34.61966887922484
35.010299839780274
32.764171816586554
27.783627069504846
23.48668650339513
17.724879835202564
9.619287403677424
-0.24414435034714274
-10.693522545204852
-17.627222095063708
-22.314793621728846
-26.416418707560844
-32.08056763561456
-39.11192492561227
-42.92057679102769
-43.89715419241627
-43.11589227130541
-42.72526131074998
-43.50652323186084
-41.943999389639124
-38.525978484779124
-31.9829098954757
-23.096055542839704
-15.47875181200885
-9.130998702983138
-5.127031357289998
-0.9277485313191425
2.9785610742351416
3.662165255207141
1.1230640115968566
-4.834058136873426
-9.81460288395514
-10.10757610437171
-6.884870679789426
-2.2949568932631417
-2.197299153124285
-5.71297779812314
-10.10757610437171
-15.185778591592278
-19.092088197146563
-21.728847180895706
-20.45929655909056
-15.47875181200885
-10.10757610437171
-5.71297779812314
-6.39658197909514
-10.400549324788281
-14.306858930342566
-16.748302433813993
-13.81857022964828
-5.322346837567712
8.252079041733426
22.90074006256199
32.95948729686427
37.15877012283513
33.545433737697415
27.002365148393988
21.14290074006256
12.353704127565424
-0.7324330510414282
-16.260013733119706
-27.68596932936599
-33.15480277714199
-35.010299839780274
-35.10795757991913
-39.20958266575113
-45.16670481422141
-46.04562447547112
-39.893186846723125
-27.783627069504846
-13.525597009231708
1.2207217517357138
12.549019607843137
18.799114976729992
28.076600289921416
49.85427634088655
98.39017318989853
173.3913176165408
239.99389639124132
247.3182269016556
170.07095445181963
41.74868390936141
-71.43663691157397
-120.94911116197451
-106.10513466086825
-65.28419928282597
-31.68993667505913
-16.748302433813993
-15.088120851453422
-13.916227969787137
-7.666132600900283
6.6895551995117115
26.416418707560844
44.77607385366598
61.67086289768826
78.17502098115511
97.70656900892652
121.4373998626688
142.23849851224537
152.3949034866865
147.51201647974364
114.50370031280995
44.77607385366598
-33.44777599755856
-84.22980086976425
-101.80819409475852
-98.19485770962082
-89.1126878767071
-80.12817578393225
-68.31158922713054
-57.764553292133975
-48.48706797894255
-38.62363622491798
-30.615701533531702
-24.65857938506142
-19.87335011825742
-14.50217441062028
-11.279468986037996
-10.400549324788281
-6.494239719233997
-0.24414435034714274
8.349736781872283
15.674067292286564
13.916227969787137
3.7598229953459983
-8.154421301594567
-14.795147631036851
-17.82253757534142
-22.314793621728846
-28.66254673075456
-38.03768978408484
-43.70183871213855
-40.86976424811169
-35.010299839780274
-31.396963454642556
-31.885252155336843
-31.2993057145037
-28.369573510337986
-24.756237125200276
-19.971007858396277
-16.064698252841993
-9.228656443121995
2.0019836728465705
11.08415350576028
12.939650568398566
6.591897459372854
-0.7324330510414282
-5.127031357289998
-5.908293278400855
-3.1738765545128556
-2.490272373540856
-4.345769436179141
-6.787212939650568
-9.033340962844282
